p_val	avg_log2FC	pct.1	pct.2	p_val_adj
3.0053568233478e-227	1.45998944296954	0.894	0.581	1.17551526788426e-222
3.3195547972759e-216	2.19191784501274	0.676	0.244	1.29841066340649e-211
3.86922010844911e-189	2.93790713338478	0.519	0.136	1.51340675321878e-184
3.42331176123885e-184	3.86247467475664	0.395	0.038	1.33899416229096e-179
2.37560026749106e-146	2.40392455139822	0.453	0.114	9.29192288626452e-142
1.1663016929538e-110	2.12595395733016	0.419	0.132	4.56187244181949e-106
2.70083206551606e-108	0.891758928844775	0.839	0.613	1.05640345410595e-103
7.92175458090193e-103	1.04373868098062	0.748	0.498	3.09851508677398e-98
1.39211818848873e-94	2.41089691583002	0.352	0.101	5.44513108245481e-90
1.63302708935541e-88	1.75833609303682	0.462	0.207	6.38742215730476e-84
3.29208969956609e-79	0.9409181731478	0.81	0.604	1.28766796508828e-74
7.4573984400947e-75	0.872363668677675	0.705	0.473	2.91688682585864e-70
1.74293947689935e-74	2.05807922613836	0.295	0.088	6.8173334699441e-70
2.57570056272956e-74	1.86607284470987	0.362	0.133	1.00745951810604e-69
9.33738484519186e-70	1.47911617856412	0.405	0.174	3.65222470834835e-65
1.76834933090644e-67	1.84025543373334	0.307	0.103	6.91672157290745e-63
2.95596940128193e-62	0.91062062504414	0.535	0.291	1.15619787161741e-57
8.61922239129808e-60	0.426786523712498	0.906	0.72	3.37132264613233e-55
6.26263568220694e-56	1.16014895436218	0.45	0.245	2.44956732073842e-51
5.81350784383753e-55	0.938893306650144	0.548	0.337	2.27389545803861e-50
3.4465499973628e-53	0.526016704720097	0.891	0.686	1.34808356596849e-48
4.83653283291263e-52	1.68457151641733	0.298	0.122	1.89176145226545e-47
9.67422334045279e-52	1.26309484819669	0.394	0.202	3.7839757173847e-47
2.88976462274225e-51	2.32847240554509	0.201	0.053	1.13030253453941e-46
2.90760372695333e-51	1.42936074276643	0.3	0.118	1.13728012176053e-46
1.95827999481323e-50	1.79993435186681	0.246	0.084	7.65961637171245e-46
3.52967958508207e-50	0.994865915339685	0.464	0.263	1.380598872909e-45
1.30293281577157e-49	1.08115640706889	0.43	0.236	5.09629141560891e-45
1.42061916538034e-46	0.336513145955323	1	0.995	5.55660980346865e-42
4.72752189238801e-46	2.30536336817681	0.189	0.052	1.84912291298865e-41
6.25038503523003e-44	1.38294323645224	0.275	0.113	2.44477560267987e-39
3.33551403068464e-42	0.935439271647182	0.317	0.149	1.30465295796199e-37
5.69535648581608e-42	0.72173102947628	0.604	0.424	2.2276817358621e-37
4.31823836831918e-41	1.43981196173637	0.276	0.122	1.68903575538436e-36
7.98885954050516e-41	0.439860360347005	0.767	0.563	3.12476252067319e-36
8.36972922955951e-39	0.688929297561719	0.466	0.277	3.27373589084991e-34
1.61074883262194e-38	0.550211692823007	0.683	0.512	6.30028298391747e-34
3.76907029493279e-38	1.50494450702105	0.221	0.085	1.47423415516001e-33
4.97380418746013e-38	1.24657777293216	0.315	0.163	1.94545376988315e-33
1.02177819659509e-37	0.827850673252979	0.453	0.279	3.99658323816203e-33
2.48645045940102e-36	0.999555608467097	0.387	0.222	9.72550232690115e-32
9.3344284698198e-36	0.940271576920755	0.355	0.194	3.65106835168532e-31
2.4103317046213e-35	0.757531520667958	0.509	0.339	9.42777142945575e-31
2.99620455151553e-35	0.651344073298181	0.613	0.453	1.17193544827978e-30
1.20320742224493e-34	1.63495514780772	0.244	0.113	4.70622551136881e-30
1.48467471062606e-33	1.01983677761626	0.371	0.216	5.80715666314276e-29
4.07854498646545e-33	0.485988348318422	0.783	0.656	1.5952820860061e-28
9.02947005683576e-32	1.15363319574458	0.352	0.209	3.53178691803074e-27
2.85563344397983e-31	1.69085725957947	0.149	0.046	1.11695246527827e-26
2.58435756431807e-30	0.629252178553397	0.487	0.313	1.01084561770737e-25
2.76012087587466e-30	3.34842222897296	0.079	0.009	1.07959367938961e-25
3.58156151032977e-30	0.400766461620592	0.654	0.475	1.40089196915039e-25
5.58754333317988e-30	2.11589284651151	0.124	0.033	2.18551169933998e-25
7.57627429825035e-30	0.50803930488077	0.72	0.59	2.96338392901764e-25
2.97128296220744e-29	1.50036173793993	0.214	0.096	1.16218761783782e-24
3.76205243254252e-29	2.77079432753987	0.094	0.017	1.47148918846468e-24
5.66941094410218e-29	0.696762495415276	0.477	0.32	2.21753339667613e-24
6.68153687805586e-29	0.835897362181492	0.374	0.23	2.61341633448277e-24
1.17475765187835e-28	0.886120896675062	0.376	0.233	4.59494707955699e-24
5.41023293839289e-28	1.62871606673854	0.132	0.04	2.11615851152299e-23
8.28269893057317e-28	1.78704014215465	0.141	0.047	3.23969485970439e-23
1.18458550597458e-27	0.834784288681417	0.407	0.267	4.63338774806896e-23
1.39780526858368e-27	0.423346958232805	0.628	0.445	5.46737552753822e-23
1.57360394068901e-27	1.63023178024585	0.135	0.043	6.15499445361098e-23
1.06059761580367e-26	0.789545432370692	0.371	0.229	4.14842151445448e-22
1.49888872811935e-26	3.73264051493586	0.068	0.007	5.86275337116603e-22
5.04994526802967e-26	0.903962730174776	0.354	0.222	1.97523559213713e-21
6.89036785767113e-26	0.845995787085597	0.312	0.178	2.69509848384949e-21
1.15615970233403e-25	0.298211229786721	0.931	0.842	4.52220305970934e-21
1.49011754540292e-25	2.66337839474358	0.09	0.019	5.828445767089e-21
4.09411867828619e-25	1.11484189520195	0.355	0.228	1.60137357982486e-20
4.32272402203015e-25	0.45767516133916	0.714	0.576	1.69079027397687e-20
5.49632758563896e-25	1.39096049077356	0.186	0.083	2.14983357184682e-20
5.46421748593962e-24	0.893451445713539	0.257	0.138	2.13727402745042e-19
1.19564138354261e-22	0.858819560757487	0.296	0.176	4.67663170758857e-18
1.58914072001218e-22	1.05830828574109	0.208	0.104	6.21576501225564e-18
1.684473568258e-22	0.718576174050039	0.378	0.252	6.58864991488435e-18
1.83517846942121e-22	0.934151288530651	0.295	0.179	7.17811706529412e-18
3.17798516568561e-22	1.09720627443626	0.225	0.12	1.24303711770627e-17
3.66319945102482e-22	0.957060055156441	0.258	0.147	1.43282383327385e-17
4.59769847635647e-22	0.528122849973254	0.518	0.384	1.79834378204207e-17
7.95715535895136e-22	0.970628612258939	0.285	0.171	3.11236174710024e-17
9.83099160229516e-22	1.5267072409109	0.144	0.059	3.84529405532173e-17
5.15738603540024e-21	0.170838221550504	1	1	2.01725997388645e-16
5.97268016491369e-21	3.87756286011532	0.05	0.004	2.33615411970434e-16
8.88911169693721e-21	1.02198887465804	0.232	0.128	3.47688714914002e-16
8.99062841386612e-21	1.03537549189217	0.205	0.106	3.51659439779959e-16
1.04783046802099e-20	0.511931167261263	0.521	0.391	4.09848409261731e-16
1.07254437104297e-20	0.320025387850392	0.783	0.65	4.19515005289746e-16
1.67269333194577e-20	0.896621356967807	0.217	0.116	6.5425726985727e-16
2.58125279616572e-20	0.410355808280314	0.47	0.338	1.00963121869226e-15
2.87773247386186e-20	1.06843070995042	0.215	0.117	1.12559627982633e-15
3.61184083347757e-20	2.16158027336523	0.071	0.015	1.41273542360642e-15
6.44384860133442e-20	1.01585572354729	0.168	0.079	2.52044694192595e-15
7.01508074859394e-20	1.87450754046012	0.09	0.026	2.74387868400504e-15
1.26972792273194e-19	0.654834654643183	0.273	0.159	4.9664137969737e-15
1.33818422174539e-19	0.643929077301059	0.336	0.218	5.23417376493491e-15
1.5362638584136e-19	0.918174845201202	0.227	0.125	6.00894245579896e-15
1.81194569492538e-19	0.825930960342556	0.212	0.112	7.08724439113114e-15
2.58444173708987e-19	0.585779931033999	0.481	0.362	1.01087854104533e-14
2.73335515728847e-19	0.356669418462241	0.804	0.705	1.06912453622181e-14
4.69227581408633e-19	0.617594060139564	0.358	0.241	1.83533676192173e-14
1.15465562336678e-18	0.563314230813133	0.411	0.288	4.51632000523684e-14
1.70314702053924e-18	0.358645789499969	0.615	0.493	6.66168925613719e-14
2.07564987197338e-18	0.305393889848784	0.852	0.736	8.11869690923669e-14
2.33309392883178e-18	0.978173911465585	0.189	0.099	9.12566359323263e-14
2.56500749092312e-18	0.835694802061126	0.241	0.142	1.00327702999967e-13
3.3848731470982e-18	0.520912616304477	0.512	0.407	1.32395928275599e-13
4.82913711575156e-18	1.48906536794746	0.107	0.04	1.88886869145507e-13
4.83184041090691e-18	1.01368586448653	0.17	0.085	1.88992605832213e-13
7.86510336314685e-18	2.19770481362538	0.058	0.011	3.07635652946126e-13
8.33720498184457e-18	0.909380524409803	0.194	0.103	3.26101435659868e-13
9.22067580276998e-18	1.82545271528705	0.072	0.019	3.60657513349545e-13
9.65797700894883e-18	2.05994702079435	0.071	0.018	3.77762112728025e-13
1.66331064318047e-17	1.16142172089755	0.179	0.095	6.5058732497361e-13
1.78548658311943e-17	0.718590497073934	0.252	0.152	6.98375222121335e-13
2.73447929698706e-17	0.470528533462456	0.396	0.276	1.06956423222352e-12
3.36412632473146e-17	0.700625556018082	0.29	0.186	1.31584437065547e-12
4.03916044012161e-17	0.873658364432055	0.233	0.137	1.57987721454917e-12
4.24123071738293e-17	1.00343791525701	0.138	0.062	1.65891498279716e-12
7.61314667901236e-17	0.661375833739474	0.341	0.236	2.9778061920289e-12
1.26369365403147e-16	1.02569850860141	0.148	0.072	4.94281135837869e-12
1.28766394826643e-16	0.352914920691008	0.687	0.57	5.03656876724931e-12
1.36808112445974e-16	0.804729277564724	0.233	0.14	5.35111251021184e-12
1.77014439912229e-16	1.21792146195134	0.204	0.119	6.92374280272694e-12
1.80794749481417e-16	0.585813229803799	0.374	0.268	7.07160583121614e-12
1.88436810266605e-16	1.35654387071182	0.109	0.045	7.37051739676798e-12
3.71369118193825e-16	0.684808411518127	0.287	0.188	1.45257316890333e-11
5.98190300608471e-16	1.00651627636428	0.131	0.06	2.33976154179997e-11
6.32421291485667e-16	0.500518440142456	0.379	0.271	2.47365263951704e-11
6.94675465244184e-16	1.02370576893759	0.158	0.081	2.7171536147561e-11
8.48441531551722e-16	0.630613694693659	0.292	0.192	3.31859420651141e-11
8.87404538689119e-16	0.506711331512582	0.423	0.316	3.47099411262862e-11
9.52983262564214e-16	0.688812109946103	0.269	0.171	3.72749873319367e-11
9.72472787519266e-16	0.66678410123254	0.28	0.182	3.80373006110286e-11
1.08441613936861e-15	0.924775586266575	0.194	0.11	4.2415852875264e-11
1.11957961134706e-15	0.80291487334855	0.251	0.16	4.37912369182288e-11
1.21125050068971e-15	0.928838680430011	0.191	0.108	4.73768520839774e-11
1.31933178144254e-15	0.835994088777195	0.253	0.162	5.16043432993434e-11
1.36813055628213e-15	0.52751193383218	0.424	0.314	5.35130585784193e-11
1.6270380900102e-15	0.622852819356082	0.349	0.249	6.3639967852659e-11
1.9626349451466e-15	0.502447472947167	0.334	0.228	7.67665032444642e-11
1.96762759702634e-15	0.75781369096525	0.248	0.158	7.69617858300884e-11
1.99388086209216e-15	0.545533527223852	0.397	0.292	7.79886560398727e-11
2.20938823999495e-15	0.621864529635769	0.283	0.185	8.64180116191623e-11
2.275108030248e-15	0.951482049308683	0.123	0.056	8.89885754951203e-11
3.11656813352461e-15	0.737432546726442	0.259	0.169	1.21901445974682e-10
5.65009607867266e-15	0.654239674119774	0.236	0.143	2.20997858021202e-10
6.09758999085334e-15	0.642191588079308	0.428	0.335	2.38501134902238e-10
8.83843309215585e-15	0.757153340921536	0.239	0.153	3.45706471966584e-10
1.3785768095811e-14	1.18128817548148	0.109	0.047	5.39216533299551e-10
1.62958105807371e-14	2.87067612043695	0.05	0.011	6.37394335054952e-10
1.69539301371235e-14	0.278178141940743	0.844	0.785	6.6313602338345e-10
2.07771852565653e-14	0.679972728865749	0.294	0.202	8.12678824125296e-10
3.81197192166281e-14	1.02001165244091	0.143	0.074	1.49101469743919e-09
5.15657543897094e-14	1.12727014637985	0.123	0.059	2.01694291719909e-09
5.92615890348019e-14	0.888160467723601	0.134	0.067	2.31795779350724e-09
6.42717977336522e-14	3.45676949939802	0.033	0.003	2.51392709655407e-09
7.06921287944813e-14	1.76298064695756	0.074	0.026	2.76505192566734e-09
1.41026617417534e-13	0.397772738525611	0.435	0.325	5.51611511366942e-09
1.82782541894583e-13	1.1957517702506	0.103	0.046	7.1493563436647e-09
2.61267698332119e-13	1.53054825185567	0.065	0.021	1.02192247525625e-08
3.11865777408661e-13	1.47437326492399	0.077	0.028	1.21983180175624e-08
3.82763036941707e-13	0.679670277067387	0.179	0.104	1.49713934269379e-08
3.85574764023351e-13	0.504008082600197	0.348	0.253	1.50813713200094e-08
5.78358408465298e-13	0.655332878735087	0.23	0.146	2.26219107887117e-08
6.23815717864593e-13	1.61605991607393	0.059	0.017	2.43999279885557e-08
7.13195846805336e-13	3.69887315032895	0.029	0.002	2.78959423519439e-08
7.39104941616666e-13	0.767679535303788	0.201	0.124	2.89093506863943e-08
7.47141806443987e-13	0.706784098097357	0.251	0.17	2.92237046172501e-08
8.06842128332053e-13	3.12506495319892	0.031	0.003	3.15588230075799e-08
9.08417691663795e-13	0.675484607359697	0.206	0.127	3.55318495917377e-08
1.99352702353755e-12	1.37361295723279	0.063	0.021	7.79748159986477e-08
2.03396925929732e-12	0.273948848653438	0.396	0.288	7.95566736081554e-08
2.31352506766374e-12	2.69526985360385	0.041	0.008	9.04912194965995e-08
2.46295399353452e-12	1.47235873057459	0.072	0.027	9.63359825031094e-08
2.77446702223307e-12	0.975713430436848	0.101	0.047	1.08520503107624e-07
2.81723771486003e-12	0.731128620212253	0.195	0.121	1.10193435979035e-07
3.10401629573813e-12	0.452001721747973	0.404	0.314	1.21410493391501e-07
3.76976327888449e-12	0.969360594893268	0.116	0.058	1.47450520890288e-07
4.1063592080364e-12	0.569729260837211	0.282	0.197	1.60616134063136e-07
6.5587860483123e-12	0.820636428762551	0.126	0.065	2.56540357493687e-07
7.36956240178743e-12	2.12446666138254	0.042	0.01	2.88253063783514e-07
7.44028734003722e-12	0.416937134724921	0.411	0.316	2.91019399018216e-07
7.52587910907224e-12	0.624694743061554	0.162	0.094	2.94367235472252e-07
1.17324058804436e-11	0.466467730490452	0.383	0.293	4.5890132360767e-07
1.26805311763637e-11	1.36034167288544	0.1	0.048	4.95986296432289e-07
1.31139878978205e-11	0.805811397450204	0.162	0.096	5.1294052263535e-07
1.51098852241608e-11	0.856631851613513	0.154	0.089	5.91008050657825e-07
1.55964546010043e-11	0.971836920126121	0.113	0.057	6.10039725263684e-07
1.73269307258412e-11	0.4841696002834	0.268	0.183	6.77725568410554e-07
1.86550854146726e-11	1.08753007569212	0.149	0.088	7.29675010909503e-07
2.76068810013829e-11	1.88716672356322	0.062	0.023	1.07981554348809e-06
3.32308507468486e-11	2.13482676783469	0.052	0.016	1.29979149611224e-06
3.39986316904774e-11	0.376763184787846	0.511	0.415	1.32982247994133e-06
3.45107333634333e-11	0.582223102495104	0.256	0.177	1.34985282477733e-06
4.02538118609136e-11	0.688754766071196	0.221	0.147	1.57448759712777e-06
4.57753230135261e-11	1.04839543590824	0.095	0.045	1.79045598435106e-06
1.11836754900475e-10	1.91950209453148	0.053	0.018	4.37438283117718e-06
1.57256962442223e-10	0.749032358921847	0.191	0.123	6.1509488289651e-06
1.68103608556708e-10	0.436137381147093	0.465	0.395	6.57520454508706e-06
1.77269465200685e-10	0.76679131312304	0.148	0.088	6.93371786185959e-06
2.0601080094679e-10	1.87757836897473	0.053	0.018	8.05790646823276e-06
2.21512051771296e-10	0.248434873580256	0.546	0.443	8.66422239298246e-06
2.37933454925163e-10	0.683259527762983	0.182	0.116	9.30652915594283e-06
2.42017822328686e-10	1.00066875029844	0.107	0.056	9.46628510256421e-06
2.46894133587939e-10	1.30316449297556	0.057	0.02	9.65701714115863e-06
2.75339267838348e-10	1.57924781144685	0.053	0.018	1.07696201222291e-05
2.8946561266921e-10	0.892879376046863	0.138	0.08	1.13221579739435e-05
3.11179417755369e-10	1.12678624508663	0.171	0.109	1.21714717460835e-05
3.11270009533788e-10	0.478782427112693	0.256	0.179	1.21750151529046e-05
3.7234164022582e-10	2.12367814839459	0.037	0.009	1.45637709157927e-05
3.89618394705835e-10	0.266993130453947	0.573	0.483	1.5239533890524e-05
4.28569796825766e-10	1.02223142395308	0.066	0.027	1.6763079033043e-05
4.59616524383219e-10	0.231240670620995	0.558	0.467	1.79774407347252e-05
4.73955489336255e-10	0.879904628998575	0.092	0.045	1.85382950098983e-05
5.78357126019823e-10	1.67649079615245	0.052	0.018	2.26218606271394e-05
6.33065326318702e-10	1.06265211593543	0.102	0.053	2.47617171736297e-05
7.54502135051389e-10	0.509959008242099	0.248	0.175	2.95115965104e-05
1.10279386720947e-09	1.33765460111558	0.068	0.029	4.31346793220311e-05
1.12361521287772e-09	2.02931663576758	0.041	0.012	4.3949085436499e-05
1.12508448498663e-09	1.83640458094816	0.053	0.019	4.40065545457669e-05
1.33650240399162e-09	1.20078082111598	0.089	0.045	5.22759550297282e-05
1.49638918301501e-09	1.47905213350958	0.05	0.017	5.85297665044491e-05
1.60997028477193e-09	0.879552772292315	0.164	0.107	6.29723777185692e-05
1.62866309188857e-09	0.887076725568285	0.125	0.073	6.37035281761297e-05
1.67788481324851e-09	0.555361489804344	0.212	0.145	6.56287865854022e-05
1.72256713205695e-09	2.2665560048088	0.032	0.007	6.73764908032755e-05
1.79226764786842e-09	1.10618203152632	0.08	0.038	7.01027567787255e-05
1.82119444887675e-09	0.725569204537013	0.121	0.068	7.12341996733653e-05
2.05715158239866e-09	0.231060843586449	0.548	0.461	8.04634269939413e-05
2.06012894535923e-09	0.248449372038032	0.465	0.367	8.05798835687808e-05
2.17487589089598e-09	1.35840543967145	0.064	0.027	8.50680955965053e-05
2.20936898805934e-09	1.45723919509623	0.047	0.016	8.64172585989532e-05
2.41615545205764e-09	1.20734482609146	0.059	0.024	9.45055043517826e-05
2.49816573610688e-09	1.53308789667647	0.055	0.021	9.77132546020846e-05
2.5677941857232e-09	0.520605468521723	0.271	0.201	0.000100436701780377
3.02126039569766e-09	1.40109573359586	0.057	0.023	0.000118173579117318
3.31770899798873e-09	0.777879201981124	0.154	0.097	0.000129768869747331
3.4142069402637e-09	0.591152690864697	0.127	0.073	0.000133543290261474
4.0851302155024e-09	0.380649688984065	0.311	0.234	0.000159785783249161
4.23711371058522e-09	0.733693862438013	0.144	0.089	0.00016573046567583
4.41670152816477e-09	0.645666431466811	0.114	0.064	0.000172754863572637
4.59620474628522e-09	1.14282048586676	0.097	0.052	0.0001797759524462
4.6193463065861e-09	0.965827299702188	0.096	0.051	0.000180681111435809
5.6849695554708e-09	0.564450716616078	0.185	0.123	0.000222361899192685
6.18910833800785e-09	0.547857891986995	0.204	0.139	0.000242080783532839
7.68541177347348e-09	0.556587683945332	0.158	0.1	0.000300607196107642
8.13766824508392e-09	0.529812835184512	0.18	0.119	0.000318296755738212
8.84575608205895e-09	1.0687946162557	0.075	0.036	0.000345992903393654
1.0280424962092e-08	0.861306072745017	0.078	0.038	0.000402108541967265
1.08270061619634e-08	0.559351838105785	0.213	0.15	0.000423487519019038
1.10815486748762e-08	0.440253833696188	0.281	0.211	0.000433443694869107
1.12354227225098e-08	1.50211591673516	0.055	0.022	0.000439462324368247
1.17822683201406e-08	0.914381321826668	0.068	0.031	0.00046085164307398
1.24128326175393e-08	0.709873495421221	0.141	0.088	0.000485515535002431
1.41986227837117e-08	0.382955411382948	0.325	0.254	0.000555364931562101
1.4614578301518e-08	0.315126303777834	0.397	0.322	0.000571634615685574
1.59584916397806e-08	0.530422477414203	0.146	0.09	0.00062420044199838
1.73818231811321e-08	0.58934595472651	0.116	0.068	0.000679872631906803
1.75857275022058e-08	0.888944471099945	0.111	0.064	0.000687848145521277
1.87424312500259e-08	0.236233915222617	0.595	0.517	0.000733091455913514
1.88827217338545e-08	1.18255672837676	0.047	0.017	0.000738578777897986
1.98473785646157e-08	0.749910078592232	0.092	0.05	0.000776310365176377
2.1069227463138e-08	0.642864327484788	0.131	0.08	0.000824101762993178
2.15472783175828e-08	0.645158846431111	0.144	0.092	0.000842800244113932
2.16178985008792e-08	0.686698492828242	0.156	0.102	0.000845562481963389
2.21003932978928e-08	0.197396210870423	0.493	0.399	0.00086443478345378
2.39376573905011e-08	1.54431680587792	0.046	0.017	0.000936297531172059
2.42149084061425e-08	1.35913234463701	0.044	0.016	0.000947141927397858
2.44736255810332e-08	0.442930251142085	0.335	0.266	0.000957261390976532
2.55139912034993e-08	0.535930010899116	0.226	0.163	0.00099795425193367
2.62998121151268e-08	0.661301354063299	0.167	0.112	0.00102869085107107
2.6787676391164e-08	0.597883779194913	0.238	0.177	0.00104777317436399
3.37361575945946e-08	0.862133614542888	0.067	0.031	0.00131955606815497
3.50447991618583e-08	1.30277652490181	0.064	0.03	0.00137074227441692
4.25593620373145e-08	0.578090894643457	0.168	0.113	0.00166466688672752
4.38450267014142e-08	0.321826522485961	0.335	0.259	0.00171495437439911
4.93802657198945e-08	0.90116680533078	0.12	0.073	0.00193145971336795
5.01948420659944e-08	0.874458322715166	0.097	0.055	0.0019633210525693
5.14248840688306e-08	3.89128758919339	0.017	0.001	0.00201143291546824
5.17149124135964e-08	0.535132702117072	0.249	0.186	0.00202277708414541
5.17733895956177e-08	0.599177850014811	0.167	0.111	0.00202506436064299
5.74275246237692e-08	4.7954726386563	0.016	0.001	0.00224622019813411
5.86942295489251e-08	0.418490781655757	0.317	0.248	0.00229576609457665
6.86850106671018e-08	0.921035644156168	0.127	0.08	0.00268654550723302
7.21800269429979e-08	0.928696295096601	0.082	0.043	0.00282324957384842
7.37403722357353e-08	0.798049258417724	0.119	0.073	0.00288428091962855
7.48167434905583e-08	0.704473783462511	0.092	0.051	0.0029263821048897
7.76480642819324e-08	0.641011560729279	0.178	0.122	0.0030371263863235
7.91414656340806e-08	0.392069122425574	0.241	0.175	0.00309553928681143
7.98328925603545e-08	0.330455720826252	0.297	0.227	0.00312258375960571
7.98976973887493e-08	0.365469386414218	0.389	0.321	0.00312511853566354
8.65411586371495e-08	0.473776260675755	0.217	0.158	0.00338497087893346
8.6954461996704e-08	1.25021326086316	0.044	0.017	0.00340113682653908
8.96548662956394e-08	2.50890383834213	0.027	0.006	0.00350676044028764
9.58288907161694e-08	1.17631303373975	0.057	0.026	0.00374825123147225
9.75410609862674e-08	1.07945874971938	0.111	0.067	0.00381522105941686
1.14630062281552e-07	1.5926127385851	0.04	0.014	0.00448364025608063
1.21402459216802e-07	0.755749845626217	0.124	0.078	0.004748535789806
1.36392814465207e-07	0.592635240783841	0.185	0.13	0.0053348685449921
1.50792867416516e-07	1.96683405297571	0.026	0.006	0.0058981122161296
1.64830953834299e-07	0.886548682730573	0.068	0.034	0.00644719792827479
1.68230987589409e-07	0.43877707117022	0.314	0.249	0.00658018684857216
1.71071534958186e-07	3.07065015109955	0.017	0.002	0.0066912920183545
2.00104021014471e-07	4.0117352882744	0.016	0.001	0.00782686867796001
2.28668740697533e-07	0.334682463039142	0.33	0.261	0.00894414912364332
2.34496389705516e-07	1.03892634959171	0.07	0.036	0.00917209178694155
2.51590271379152e-07	1.12626499746651	0.051	0.023	0.00984070187472413
2.54663963775156e-07	0.436048662372757	0.298	0.235	0.00996092627910144
2.54755050721411e-07	0.420440757023179	0.271	0.209	0.00996448905391727
