p_val	avg_log2FC	pct.1	pct.2	p_val_adj
0	8.95954383729836	0.327	0.003	0
0	8.61202573446251	0.31	0.004	0
0	12.8441919453594	0.177	0	0
1.6786708958354e-280	13.4754521032246	0.133	0	6.5659533419706e-276
7.86927006735595e-258	8.67905144491398	0.204	0.002	3.07798629414561e-253
3.79465833938315e-250	8.20390099492801	0.292	0.005	1.48424266286632e-245
7.91533656388225e-242	7.09399081130026	0.46	0.016	3.0960047435969e-237
4.42010855549112e-227	11.5781172282923	0.142	0.001	1.7288812603948e-222
8.9796763349047e-226	12.4280979703517	0.115	0	3.51231060163462e-221
5.83090157953884e-224	9.86424334063813	0.15	0.001	2.28069884382082e-219
8.91023640291952e-222	6.66385291647921	0.407	0.013	3.48514986663794e-217
6.98000243793448e-221	7.24393999522984	0.442	0.016	2.73015815357369e-216
4.96776154115459e-214	7.05678482927832	0.469	0.019	1.94309024920721e-209
1.59625109716613e-210	10.7224628825708	0.115	0	6.2435765414556e-206
1.92801867362703e-201	7.7455683883708	0.221	0.003	7.54125224002475e-197
1.79899090081636e-199	10.4205139290091	0.133	0.001	7.03657300945311e-195
1.24403347282915e-193	8.77998994640027	0.265	0.006	4.86591252562395e-189
1.53295774170456e-193	7.10182117843662	0.319	0.009	5.99601091090321e-189
2.52685491826079e-192	6.74934539317823	0.389	0.014	9.88354032728524e-188
1.30915039757544e-187	12.7955599381505	0.088	0	5.12061086507658e-183
4.43014533593863e-186	5.27212591125269	0.46	0.022	1.73280704669904e-181
2.42973469489638e-179	10.3272616045846	0.106	0	9.50366428561771e-175
2.57131591843703e-179	9.5287594787034	0.106	0	1.00574450833746e-174
2.45516000335117e-175	8.77038601118319	0.168	0.002	9.60311283710775e-171
5.24989420907413e-165	6.26140754899445	0.628	0.051	2.05344362093725e-160
6.62699696801605e-162	7.28171300882722	0.292	0.009	2.5920835940698e-157
1.47092424480668e-161	6.57310510496919	0.363	0.015	5.75337309113683e-157
1.42229378135737e-159	6.55847372864729	0.345	0.014	5.56315989640121e-155
9.62529167834034e-153	7.44853868558367	0.195	0.004	3.76483658706604e-148
5.41907033328069e-152	11.9015127972562	0.08	0	2.11961517015941e-147
5.41907033328069e-152	10.705542920159	0.08	0	2.11961517015941e-147
1.1299182837998e-147	7.17383129785148	0.142	0.002	4.41956237525455e-143
1.33063007185174e-147	6.76806092605961	0.389	0.02	5.20462646304089e-143
1.98871970955332e-147	7.30489400971659	0.195	0.004	7.77867827194684e-143
8.37787330960856e-143	7.66308067174786	0.23	0.006	3.27692136632029e-138
1.22481194723841e-142	8.80914862535062	0.115	0.001	4.79072945042832e-138
4.45935379209233e-141	9.75098770489523	0.106	0.001	1.74423164223899e-136
1.12450806821506e-139	8.4458072520689	0.124	0.001	4.39840085801637e-135
1.15654111663798e-132	8.78240751746591	0.097	0.001	4.5236949236178e-128
6.77692723889856e-132	11.8928576377856	0.062	0	2.65072732022278e-127
1.13878019578425e-130	6.86946988516674	0.212	0.006	4.45422485779053e-126
1.63337242623569e-130	6.7154729091195	0.283	0.011	6.38877290797829e-126
8.37754408877974e-130	8.5105066069633	0.133	0.002	3.27679259488531e-125
2.04011295567761e-129	7.72143329120689	0.124	0.001	7.97969781483739e-125
2.80470787900007e-125	8.83126072917589	0.115	0.001	1.09703343979209e-120
1.00780421408599e-122	6.82269577753213	0.319	0.016	3.94192540297594e-118
4.09713573369813e-120	8.63830529218728	0.071	0	1.60255367087869e-115
1.6902319002581e-117	7.57542274857551	0.168	0.004	6.61117305466951e-113
1.17592375689633e-116	8.06861802162487	0.124	0.002	4.59950818272432e-112
4.00025464747614e-116	9.0249241000671	0.106	0.001	1.56465960281382e-111
2.52569417404405e-113	11.6601537387823	0.053	0	9.8790001923559e-109
8.60516008550126e-112	7.84282218078642	0.133	0.002	3.36582231584296e-107
4.10377594747227e-109	9.23834657506145	0.071	0	1.6051509240943e-104
5.43370869657287e-107	9.6404648268169	0.097	0.001	2.12534081957751e-102
2.335733905688e-106	6.90127317706729	0.23	0.009	9.13598959870804e-102
4.09319640108934e-104	8.65223704078967	0.142	0.003	1.60101284032209e-99
2.07729002960842e-102	11.1117285080253	0.062	0	8.12511222181039e-98
3.93958318572545e-100	5.17392110153935	0.558	0.067	1.54092856726465e-95
6.1961485001702e-100	9.45175270498415	0.071	0	2.42356152435657e-95
4.67750600017489e-97	8.88383520418254	0.053	0	1.82955969690841e-92
1.38783641452973e-95	6.87278089909052	0.195	0.007	5.42838335179158e-91
6.57329482777882e-95	8.02821889382519	0.106	0.002	2.57107853893741e-90
9.46227351845875e-95	11.3235829571244	0.044	0	3.70107366400996e-90
9.46227351845875e-95	11.4934326531419	0.044	0	3.70107366400996e-90
9.46227351845875e-95	11.425734866803	0.044	0	3.70107366400996e-90
7.61738288687517e-94	6.93200212210315	0.204	0.008	2.97946314237236e-89
1.55496045120797e-92	5.86779579080371	0.46	0.048	6.08207230885485e-88
4.96773278144147e-92	6.90927911996278	0.15	0.004	1.94307900013302e-87
5.28712212937264e-92	6.59042059829352	0.15	0.004	2.06800494968282e-87
6.77800390235657e-92	6.09633502586382	0.23	0.011	2.65114844636775e-87
1.71493469893331e-91	5.56213091650065	0.372	0.031	6.70779558140777e-87
2.52264096861823e-91	5.50627173641289	0.327	0.023	9.86705788465335e-87
6.16028336101617e-89	7.30649528346945	0.186	0.007	2.40953323382787e-84
8.58293699855129e-89	8.78066598350629	0.08	0.001	3.35712997761335e-84
8.74438629025569e-89	8.0970721073666	0.08	0.001	3.42027925357061e-84
9.24713746920067e-89	7.78552668562857	0.08	0.001	3.61692534970315e-84
1.3214608797639e-85	6.09076015324807	0.204	0.009	5.16876208510853e-81
1.55649766359766e-85	5.31964658978681	0.575	0.086	6.08808496139587e-81
7.09903122638363e-85	9.23069094749934	0.053	0	2.77671507388769e-80
7.09903122638363e-85	10.3354746210942	0.053	0	2.77671507388769e-80
1.14370313544313e-84	5.41619363056851	0.221	0.011	4.47348044397225e-80
2.96614928341427e-83	5.8653852716695	0.265	0.017	1.16017963071466e-78
8.67314636690013e-83	6.41683519686771	0.15	0.005	3.39241446994932e-78
1.32213901016322e-81	5.83949201868292	0.204	0.01	5.17141452435242e-77
2.84867880208896e-80	6.38635535956732	0.212	0.011	1.11423222664908e-75
6.15305305785155e-79	9.51350553759283	0.044	0	2.40670517304805e-74
6.15305305785155e-79	11.1240678509502	0.044	0	2.40670517304805e-74
6.52736135877576e-79	8.50288853218689	0.044	0	2.55311212187155e-74
1.50722544002471e-78	5.01053391687055	0.602	0.104	5.89536158611263e-74
3.93914344499516e-77	6.51059133957114	0.142	0.005	1.5407565670754e-72
3.58582988123965e-76	10.8702232327871	0.035	0	1.40256149974808e-71
3.58582988123965e-76	11.2548546714559	0.035	0	1.40256149974808e-71
6.30720795267105e-76	8.11989868395889	0.124	0.003	2.46700131860775e-71
2.17985066347076e-75	9.91244577224558	0.053	0	8.52626788509952e-71
2.17985066347076e-75	9.36268698009732	0.053	0	8.52626788509952e-71
2.20567608714036e-75	8.85515009837729	0.053	0	8.62728144724079e-71
5.84767660138245e-75	5.92111151347911	0.195	0.01	2.28726022586473e-70
7.120782661114e-75	5.01270558432633	0.363	0.036	2.78522293006813e-70
1.20594921294581e-74	8.07365686364953	0.071	0.001	4.71694975151623e-70
6.69481236126811e-74	5.03041773136105	0.372	0.038	2.61860890698641e-69
2.07692738938873e-73	6.64666107268174	0.115	0.003	8.12369379085509e-69
2.92662503273275e-73	5.7552978007668	0.159	0.006	1.14472011530309e-68
1.75417177753205e-72	5.98375825336088	0.195	0.01	6.86126749063888e-68
1.46392617828e-71	5.68582080254962	0.204	0.011	5.72600085372437e-67
2.58133462725601e-71	5.89924332941317	0.363	0.038	1.00966322610492e-66
5.93396959576372e-70	6.12094480543998	0.133	0.004	2.32101286768702e-65
7.7433345207395e-70	6.69304196884603	0.142	0.005	3.02872786444205e-65
2.02012649915847e-69	6.8228997551699	0.097	0.002	7.90152278880843e-65
2.61711861327923e-69	6.04394448395485	0.204	0.012	1.02365977439804e-64
3.25962224448344e-68	7.6466090224694	0.08	0.001	1.27496864470725e-63
8.5181984691135e-68	9.54920815333008	0.053	0	3.33180814920906e-63
1.22733140810653e-67	10.5375867052508	0.044	0	4.80058406966787e-63
3.37120943050215e-67	5.37106604711287	0.619	0.131	1.31861485664661e-62
1.02397462253366e-66	5.75525337575314	0.23	0.016	4.00517433857815e-62
1.18445758182168e-66	5.241809582783	0.531	0.092	4.63288738553732e-62
1.19556469351526e-65	5.06308129519608	0.301	0.028	4.67633174221557e-61
2.2442839524757e-64	4.34307287732025	0.602	0.124	8.77829225171344e-60
5.15272605112153e-64	6.88558958625647	0.106	0.003	2.01543726763568e-59
1.22863853891024e-62	5.76677113105045	0.142	0.006	4.80569678109351e-58
1.88666422237182e-62	6.96256986424282	0.106	0.003	7.37949843938513e-58
1.57718343333997e-61	7.25865350833266	0.053	0.001	6.16899528116595e-57
4.39374997328537e-61	8.44474272989011	0.062	0.001	1.71857136455084e-56
5.60485507915616e-61	9.6560807127752	0.035	0	2.19228301566114e-56
5.60485507915616e-61	10.6787961242753	0.035	0	2.19228301566114e-56
5.60485507915616e-61	10.2086865550197	0.035	0	2.19228301566114e-56
5.68487520093866e-61	9.6722575293213	0.035	0	2.22358208609515e-56
6.19099289857105e-61	5.91931855595095	0.212	0.015	2.42154496234708e-56
6.92855203852981e-60	5.45041483106033	0.257	0.022	2.71003384435055e-55
7.05666229944817e-60	5.1167868182024	0.496	0.088	2.76014289180616e-55
3.69329551388977e-59	9.65150170046228	0.044	0	1.44459560730284e-54
3.77572205204918e-59	8.18456367432568	0.044	0	1.47683592343851e-54
1.39069595472494e-57	11.1245173124312	0.027	0	5.43956815731115e-53
1.39069595472494e-57	10.6708693616311	0.027	0	5.43956815731115e-53
1.39069595472494e-57	11.2366129610865	0.027	0	5.43956815731115e-53
1.39069595472494e-57	10.7431727914645	0.027	0	5.43956815731115e-53
1.39069595472494e-57	9.77743290620724	0.027	0	5.43956815731115e-53
1.39069595472494e-57	10.1220836235692	0.027	0	5.43956815731115e-53
1.39069595472494e-57	10.4431378316605	0.027	0	5.43956815731115e-53
1.39069595472494e-57	10.4925325931794	0.027	0	5.43956815731115e-53
2.10206656398374e-57	5.82442248318182	0.133	0.006	8.22202315836601e-53
4.79062489630485e-57	4.39626041513592	0.655	0.178	1.87380502194068e-52
1.25932046225666e-56	5.35776398940649	0.239	0.02	4.9257060560707e-52
1.55790344943844e-56	6.2286723680114	0.159	0.009	6.0935835521335e-52
1.55613419637883e-55	4.86247450312178	0.469	0.084	6.08666329571616e-51
3.92436892826074e-55	7.00517584365674	0.097	0.003	1.5349776625999e-50
7.2851127159131e-55	4.56978167924506	0.31	0.035	2.84949898770225e-50
2.3514784996495e-54	5.03037827432486	0.345	0.045	9.19757300352904e-50
9.11046490807135e-54	7.14668330753746	0.062	0.001	3.56346724414303e-49
1.65384591814836e-53	5.48589956853535	0.204	0.015	6.46885292424551e-49
1.46044653032311e-52	8.86792312666166	0.044	0	5.71239055870583e-48
2.93363949170492e-52	6.96887343867484	0.088	0.003	1.14746375078546e-47
2.56077910108974e-51	4.37828342137959	0.531	0.118	1.00162313760024e-46
3.53152628860055e-51	5.75901024580634	0.133	0.007	1.38132119252322e-46
7.44088883369e-51	5.25224170779491	0.204	0.016	2.91042925840951e-46
7.75980999842891e-51	8.91187769984438	0.035	0	3.03517208278548e-46
7.85183334648375e-51	7.91860793313961	0.035	0	3.07116609514365e-46
1.03840716079291e-50	6.55516279591715	0.062	0.001	4.06162576872539e-46
1.40534970610227e-50	5.59255627811187	0.159	0.01	5.49688484044843e-46
1.44806323668842e-50	4.3745862856839	0.327	0.042	5.6639545439831e-46
1.84579579772214e-50	4.40526759515528	0.372	0.055	7.21964568321039e-46
8.7902975451063e-50	5.02967075765399	0.265	0.028	3.43823698179288e-45
6.3818854221726e-49	3.86422574174658	0.513	0.113	2.49621066402859e-44
1.26764345877763e-48	4.98718941473814	0.221	0.02	4.95826062466283e-44
1.89775052773651e-48	6.00791077292131	0.124	0.006	7.42286141418858e-44
5.06227141262189e-48	8.08930508892275	0.062	0.001	1.98005684033293e-43
5.19432563233126e-48	7.2934317650509	0.062	0.001	2.03170852783005e-43
6.07118399845511e-48	3.50391150228203	0.735	0.288	2.37468290915573e-43
2.63089609466209e-47	6.76948157870402	0.071	0.002	1.02904869846613e-42
7.01909709278285e-47	4.18112408883777	0.398	0.068	2.74544963687108e-42
1.07507560281789e-46	4.17119214928246	0.496	0.11	4.20505071286189e-42
7.44272047757579e-46	4.61371487270531	0.372	0.061	2.91114568759899e-41
1.04926349369239e-45	5.28473662958076	0.15	0.01	4.10408922922843e-41
1.41434459143773e-45	7.11165743702972	0.062	0.001	5.53206743494953e-41
2.94982703896423e-45	5.80319211660088	0.15	0.01	1.15379534802047e-40
6.72624492765831e-45	6.09838508088618	0.08	0.002	2.63090344100427e-40
9.85812359674833e-45	4.45263812365621	0.407	0.075	3.85590646363214e-40
4.02445179194926e-44	5.85376419641679	0.186	0.015	1.57412407390303e-39
7.06905644760317e-44	6.07333732682827	0.124	0.007	2.76499073891551e-39
9.47603138364391e-44	3.74324293406815	0.504	0.12	3.70645491539848e-39
1.18306149218724e-43	4.53242753013022	0.221	0.022	4.62742672054118e-39
1.32492969036941e-43	6.28678679021718	0.115	0.006	5.18232999091091e-39
1.3281078388883e-43	5.50032772479924	0.15	0.01	5.19476100102769e-39
1.3616001535257e-43	9.03553132699002	0.035	0	5.32576284050042e-39
1.3616001535257e-43	8.42523372816561	0.035	0	5.32576284050042e-39
1.37540123426826e-43	7.90823547805597	0.035	0	5.37974438771688e-39
1.38934147582088e-43	7.29809871663891	0.035	0	5.4342702485258e-39
1.41764503851831e-43	6.99903001448761	0.035	0	5.54497680366051e-39
2.55451960789466e-43	8.70733305253134	0.027	0	9.99174799431918e-39
2.55451960789466e-43	9.56936119296009	0.027	0	9.99174799431918e-39
2.55451960789466e-43	9.05381431074184	0.027	0	9.99174799431918e-39
2.55451960789466e-43	9.68278222601501	0.027	0	9.99174799431918e-39
2.55451960789466e-43	10.080567500803	0.027	0	9.99174799431918e-39
2.55451960789466e-43	10.7201271140735	0.027	0	9.99174799431918e-39
2.55451960789466e-43	8.68869425728303	0.027	0	9.99174799431918e-39
2.98054108191301e-43	4.65874258220975	0.248	0.028	1.16580883877945e-38
3.53862879593028e-43	5.09725756864482	0.221	0.023	1.38409926724017e-38
4.94185962264711e-43	4.66338376236608	0.336	0.053	1.93295897280219e-38
5.87925414146e-43	7.64627295096947	0.044	0.001	2.29961146489066e-38
6.40744781726918e-43	6.12481772935535	0.106	0.005	2.50620913924667e-38
7.52597770684751e-43	4.23804457236341	0.372	0.064	2.94371092025633e-38
9.20864174850075e-43	6.91987911068273	0.097	0.004	3.60186813350858e-38
4.30592839537918e-42	6.11407531107288	0.053	0.001	1.68422083256861e-37
4.76972445423261e-42	4.60025906336198	0.274	0.035	1.86563002302854e-37
1.03289860784004e-41	3.553729153636	0.558	0.155	4.04007961470553e-37
2.90752270729245e-41	5.03451472068978	0.212	0.022	1.13724843173037e-36
2.93038889356845e-41	4.04112161367514	0.478	0.113	1.14619231183036e-36
3.46627635738491e-40	4.79202340059635	0.336	0.056	1.35579933442753e-35
5.07788007511355e-40	5.84013737623524	0.106	0.005	1.98616201257991e-35
6.01540055889846e-40	5.68487438089294	0.159	0.013	2.35286377460755e-35
6.54961831815136e-40	5.60968362546187	0.239	0.028	2.56181770896172e-35
7.5050719431173e-40	4.70167252215582	0.248	0.031	2.9355338398309e-35
8.22517526401776e-40	3.88413418291416	0.726	0.345	3.21719505276791e-35
1.28736451451564e-39	6.90442360507088	0.053	0.001	5.03539756207648e-35
1.37764602681616e-39	6.2343662894865	0.053	0.001	5.38852466928871e-35
2.79189234311855e-39	5.11889582041316	0.159	0.013	1.09202077108739e-34
2.93521048454069e-39	4.51331433758258	0.336	0.057	1.14807822892325e-34
4.31340711151773e-39	4.0372207138545	0.416	0.088	1.68714605759905e-34
5.66555340765793e-39	10.3239057578401	0.018	0	2.21602455987132e-34
5.66555340765793e-39	9.70938208368168	0.018	0	2.21602455987132e-34
5.66555340765793e-39	9.39513812875763	0.018	0	2.21602455987132e-34
5.66555340765793e-39	9.8074836327033	0.018	0	2.21602455987132e-34
5.66555340765793e-39	10.4013835552156	0.018	0	2.21602455987132e-34
5.66555340765793e-39	10.4791230404726	0.018	0	2.21602455987132e-34
5.66555340765793e-39	11.1388584503517	0.018	0	2.21602455987132e-34
5.66555340765793e-39	10.3353451549906	0.018	0	2.21602455987132e-34
5.66555340765793e-39	9.15336860522826	0.018	0	2.21602455987132e-34
5.66555340765793e-39	10.6930258514655	0.018	0	2.21602455987132e-34
5.66555340765793e-39	10.6911451649971	0.018	0	2.21602455987132e-34
5.66555340765793e-39	9.24021302546859	0.018	0	2.21602455987132e-34
5.66555340765793e-39	10.3839721342325	0.018	0	2.21602455987132e-34
5.66555340765793e-39	9.80545689396606	0.018	0	2.21602455987132e-34
5.66555340765793e-39	10.4084134128569	0.018	0	2.21602455987132e-34
5.66555340765793e-39	10.4628910515109	0.018	0	2.21602455987132e-34
5.66555340765793e-39	10.6320523005125	0.018	0	2.21602455987132e-34
5.66555340765793e-39	9.55455147625509	0.018	0	2.21602455987132e-34
5.66555340765793e-39	11.8927109397068	0.018	0	2.21602455987132e-34
5.66555340765793e-39	10.0571568959159	0.018	0	2.21602455987132e-34
5.66555340765793e-39	10.3104737259538	0.018	0	2.21602455987132e-34
5.66555340765793e-39	10.7010254660551	0.018	0	2.21602455987132e-34
6.25789826949123e-39	4.74073373531141	0.31	0.049	2.4477143291288e-34
8.61413728623687e-39	5.08279741652255	0.142	0.01	3.36933365813869e-34
2.33949931710044e-38	4.64021692214595	0.319	0.052	9.15071762890667e-34
3.72187601844773e-38	9.16873788013684	0.035	0	1.45577458585564e-33
5.16041683657516e-38	5.6901280486662	0.133	0.009	2.01844544145801e-33
6.73682316705984e-38	6.65390871878568	0.071	0.002	2.63504101356379e-33
7.01292850991044e-38	6.35937467368746	0.071	0.002	2.74303685736637e-33
6.91037322343636e-37	3.5280029224187	0.708	0.343	2.7029233826149e-32
2.0589052086992e-36	5.50725920198065	0.133	0.01	8.05320183330607e-32
2.33718509545579e-36	3.368002657053	0.717	0.356	9.14166578236578e-32
2.61952352909894e-36	7.2539167520555	0.044	0.001	1.02460043317176e-31
3.13497048087309e-36	3.55659442806902	0.673	0.299	1.2262123538887e-31
3.53913783515752e-36	4.92885879306607	0.221	0.027	1.38429837284351e-31
4.59943900911396e-36	5.65020215234991	0.168	0.016	1.79902457402483e-31
4.59985396338473e-36	5.97507328823538	0.204	0.023	1.7991868792383e-31
1.73749994350253e-35	6.62257342672734	0.071	0.003	6.7960572790158e-31
2.20338799315655e-35	6.75281275067799	0.053	0.001	8.61833179643253e-31
2.24003507314153e-35	6.97592048320213	0.053	0.001	8.7616731850858e-31
2.60542850338688e-35	4.60494529694161	0.177	0.018	1.01908730481474e-30
4.62243767887464e-35	4.73458704886137	0.195	0.021	1.80802027371503e-30
6.45445821172831e-35	4.23712537352314	0.469	0.128	2.52459678493541e-30
8.40934578620541e-35	5.94086216401159	0.062	0.002	3.28923151081638e-30
9.467635922512e-35	8.38602921442489	0.027	0	3.70317111473134e-30
9.467635922512e-35	8.32222713155484	0.027	0	3.70317111473134e-30
9.467635922512e-35	7.65808163778526	0.027	0	3.70317111473134e-30
9.56863254326045e-35	8.54328042070965	0.027	0	3.74267493297089e-30
9.77384802522135e-35	7.09960230109025	0.027	0	3.82294291658508e-30
1.06322710987572e-34	4.60950328669611	0.106	0.006	4.1587065175679e-30
2.10211286068317e-34	5.71294549874175	0.071	0.003	8.22220424327614e-30
2.5308711684016e-34	5.09644403177061	0.186	0.02	9.89924948808601e-30
4.73001189194763e-34	5.49876119396028	0.08	0.004	1.8500968514164e-29
6.29007388115999e-34	8.57979213237563	0.035	0.001	2.46029949787692e-29
6.3394103630241e-34	7.5826462851038	0.035	0.001	2.47959696939325e-29
6.3891312245894e-34	7.30311092488759	0.035	0.001	2.4990447871859e-29
6.48973800657409e-34	7.09913157623309	0.035	0.001	2.53839612389139e-29
1.06486542545895e-33	4.18579396950005	0.46	0.125	4.16511462514014e-29
1.12481632895702e-33	3.57659267801377	0.646	0.285	4.39960658908249e-29
1.17069001955326e-33	6.49617230747598	0.044	0.001	4.57903694248063e-29
4.27296050080069e-33	4.14121633749476	0.31	0.056	1.67132577028318e-28
5.36659779950044e-33	5.22569626606306	0.168	0.017	2.0990910632966e-28
5.73004657738625e-33	5.05145648844554	0.133	0.011	2.24125041827886e-28
1.26875409996546e-32	3.48056206324613	0.628	0.269	4.9626047866049e-28
2.56784199194079e-32	4.90554574891071	0.106	0.007	1.00438571672772e-27
4.02302031376799e-32	4.5861150832693	0.212	0.028	1.57356416552721e-27
1.99696352453986e-31	7.6499040660685	0.044	0.001	7.81092312988522e-27
2.4664322104554e-31	6.15927183310875	0.088	0.005	9.64720294797526e-27
3.1994108401143e-31	5.01741217188706	0.212	0.028	1.25141755600231e-26
4.06591913285349e-31	6.76556930934037	0.062	0.002	1.59034360962431e-26
1.09120369096516e-30	4.48566251305825	0.416	0.11	4.26813411684113e-26
1.53527741127865e-30	8.76463650286042	0.035	0.001	6.00508406647533e-26
1.54608925386512e-30	7.57433843226246	0.035	0.001	6.04737350756803e-26
1.80724740011291e-30	7.32378888445325	0.053	0.002	7.06886748080164e-26
2.10851266487098e-30	4.3567696534666	0.478	0.15	8.24723643737637e-26
2.28461667224727e-30	4.22187676284022	0.248	0.039	8.93604965182796e-26
2.49879779351936e-30	5.67904276247931	0.08	0.004	9.77379768957162e-26
3.00161768639337e-30	4.86250708111441	0.159	0.017	1.1740527418559e-25
4.36342465868057e-30	4.63025191101274	0.186	0.023	1.70670992099632e-25
7.11939964856382e-30	5.21154264206055	0.133	0.012	2.78468197853925e-25
7.4217304850355e-30	5.63642847644196	0.115	0.009	2.90293566191678e-25
1.42914433723014e-29	5.75849739052428	0.097	0.006	5.58995516064199e-25
1.9605555143934e-29	4.28310153921598	0.186	0.023	7.66851683899833e-25
2.212084113226e-29	4.5835603305909	0.177	0.021	8.65234580047219e-25
2.47905493825874e-29	3.78609481758407	0.372	0.09	9.69657548550523e-25
4.2953876275877e-29	5.85136818619574	0.053	0.002	1.68009791665465e-24
4.32973257198042e-29	3.74890061771051	0.372	0.091	1.69353159820442e-24
4.35395741621167e-29	6.05436807200515	0.053	0.002	1.70300690377703e-24
4.9272837567651e-29	6.0527548943831	0.062	0.002	1.9272577686211e-24
4.96300565602953e-29	8.56768069487762	0.027	0	1.94123003229939e-24
4.96300565602953e-29	8.82476386094883	0.027	0	1.94123003229939e-24
4.96300565602953e-29	8.50832903983523	0.027	0	1.94123003229939e-24
5.00697958584713e-29	7.18238629496113	0.027	0	1.95842999520824e-24
5.00697958584713e-29	8.70968990306952	0.027	0	1.95842999520824e-24
5.05134006875338e-29	7.41243302034171	0.027	0	1.9757811544922e-24
5.05134006875338e-29	7.74769288515049	0.027	0	1.9757811544922e-24
5.05134006875338e-29	7.88685915585237	0.027	0	1.9757811544922e-24
5.82049375271476e-29	3.86962564086427	0.646	0.328	2.27662792643685e-24
6.83573977929919e-29	4.5903199578887	0.381	0.097	2.67373125727508e-24
7.15870355232857e-29	5.27026913325157	0.124	0.011	2.8000553074578e-24
1.35659587759617e-28	3.62330869706036	0.363	0.087	5.30618911562966e-24
1.36857534433008e-28	3.40647173753546	0.522	0.19	5.35304560181267e-24
2.03816916656209e-28	4.48710726719094	0.177	0.022	7.97209487809097e-24
4.54610490440693e-28	5.08646564809097	0.345	0.082	1.77816347230972e-23
7.51229687171626e-28	6.58411990310648	0.053	0.002	2.9383597984031e-23
7.54482093254839e-28	6.77716193731666	0.053	0.002	2.95108125955698e-23
7.66370538625987e-28	5.0444611805478	0.097	0.007	2.99758172478169e-23
7.87784166127366e-28	5.36266362505182	0.053	0.002	3.08133898739058e-23
1.14489330019575e-27	6.14050028745799	0.044	0.001	4.47813565438566e-23
1.1753764432552e-27	4.68806298400665	0.186	0.025	4.5973674201484e-23
1.27657218661948e-27	3.29916034762622	0.619	0.306	4.99318445074344e-23
1.92418473146882e-27	5.0558854441144	0.133	0.013	7.52625615866713e-23
4.41163622626613e-27	3.72743630286986	0.372	0.096	1.72556739354173e-22
5.16537271473437e-27	4.29019234256396	0.283	0.057	2.0203838836412e-22
7.99784347940765e-27	4.68297471402304	0.168	0.021	3.12827649853551e-22
8.76904497572908e-27	5.08688977745493	0.115	0.01	3.42992425180667e-22
2.93108744217794e-26	10.4139294029186	0.018	0	1.14646554213348e-21
2.93108744217794e-26	9.74690852501054	0.018	0	1.14646554213348e-21
2.93108744217794e-26	7.81861592209512	0.018	0	1.14646554213348e-21
2.93108744217794e-26	8.55278040451285	0.018	0	1.14646554213348e-21
2.93108744217794e-26	8.99631960553572	0.018	0	1.14646554213348e-21
2.93108744217794e-26	8.8218814345899	0.018	0	1.14646554213348e-21
2.93108744217794e-26	8.79203284174235	0.018	0	1.14646554213348e-21
2.93108744217794e-26	9.79471120703067	0.018	0	1.14646554213348e-21
2.93108744217794e-26	8.4919768626584	0.018	0	1.14646554213348e-21
2.93108744217794e-26	9.38255345097326	0.018	0	1.14646554213348e-21
2.93108744217794e-26	8.05385573989788	0.018	0	1.14646554213348e-21
2.93108744217794e-26	8.5511529448664	0.018	0	1.14646554213348e-21
2.93108744217794e-26	10.1729790855612	0.018	0	1.14646554213348e-21
2.93108744217794e-26	10.5850801471673	0.018	0	1.14646554213348e-21
2.93108744217794e-26	8.16862187395702	0.018	0	1.14646554213348e-21
2.93108744217794e-26	8.88556319104957	0.018	0	1.14646554213348e-21
2.96598367586524e-26	7.37490471969844	0.018	0	1.16011485497793e-21
3.00129172354047e-26	6.31265253338515	0.018	0	1.17392524474562e-21
3.75899678803616e-26	5.77119460966698	0.106	0.009	1.47029400367247e-21
3.87977867792481e-26	4.78570602408576	0.106	0.009	1.51753663208351e-21
3.98509668721763e-26	7.30929459980011	0.044	0.001	1.5587307182383e-21
4.08235079188068e-26	7.24269362668834	0.044	0.001	1.59677068873621e-21
4.22531945691972e-26	4.52052206945465	0.186	0.026	1.65269145237958e-21
7.80726053324039e-26	4.42504227921816	0.142	0.015	3.05373188497165e-21
1.21296497896136e-25	5.84929287352441	0.053	0.002	4.74439121870945e-21
1.26558778982969e-25	3.49142646037032	0.496	0.185	4.95022008113983e-21
1.39621459067572e-25	6.03642514823965	0.062	0.003	5.46115374996899e-21
1.90410549094782e-25	6.67544863035881	0.035	0.001	7.4477182172933e-21
1.90410549094782e-25	6.48933323212544	0.035	0.001	7.4477182172933e-21
1.97180593760654e-25	5.76965491254658	0.035	0.001	7.71252174435421e-21
2.45767623773737e-25	6.24039489839824	0.08	0.005	9.61295483628594e-21
2.9002442335402e-25	3.6686964117486	0.336	0.083	1.13440152950692e-20
3.17162825266481e-25	5.00740435356493	0.106	0.009	1.24055067474731e-20
3.66812596692322e-25	3.31588873220963	0.442	0.145	1.43475079070235e-20
5.40991594023906e-25	4.86005328664144	0.097	0.008	2.11603452086511e-20
6.0054177399834e-25	4.63320498142995	0.133	0.014	2.3489590948171e-20
6.15498797945251e-25	6.78067444838118	0.027	0	2.40746199828306e-20
6.20158703899803e-25	7.18494210680374	0.027	0	2.42568875443369e-20
6.20158703899803e-25	6.85345764651747	0.027	0	2.42568875443369e-20
6.24853564504277e-25	6.51141851244734	0.027	0	2.44405223220203e-20
6.76749824616467e-25	4.67904742730407	0.106	0.009	2.64703926400485e-20
7.06369711337004e-25	4.42219732112562	0.159	0.02	2.76289448892356e-20
7.23684495542171e-25	5.97766816917379	0.08	0.005	2.83061953586365e-20
7.27060681202782e-25	3.73282295590948	0.336	0.085	2.84382514845656e-20
9.3724289671487e-25	4.51739588458042	0.142	0.016	3.66593186621054e-20
1.10593982119022e-24	5.16401994860552	0.044	0.001	4.32577301660343e-20
1.12347505260572e-24	6.07695976294405	0.053	0.002	4.39436032076199e-20
1.29026468153747e-24	4.17739612447539	0.212	0.035	5.04674127536566e-20
1.35164747517429e-24	4.5466464898866	0.186	0.027	5.2868339343967e-20
1.5572508166143e-24	2.91938079894185	0.611	0.316	6.09103084410519e-20
2.65108719217773e-24	4.2353149936895	0.487	0.19	1.0369462443484e-19
3.99993120891643e-24	4.75099216750892	0.106	0.009	1.56453309305557e-19
4.17549141588768e-24	3.07102378349721	0.566	0.263	1.63320171241031e-19
6.58841527384132e-24	3.73937671595633	0.319	0.078	2.57699275021029e-19
7.81007389354155e-24	3.69572696759804	0.416	0.135	3.05483230271984e-19
8.12010282336864e-24	5.23714550446206	0.097	0.008	3.17609701833241e-19
8.40538123722352e-24	3.56088639098737	0.54	0.244	3.28768081712761e-19
9.91077470406679e-24	4.48879839702051	0.159	0.021	3.87650041774868e-19
1.03146843305073e-23	4.51806741569259	0.124	0.013	4.03448562903464e-19
1.35112818419376e-23	3.2178621223468	0.345	0.091	5.28480277965547e-19
1.69854367565196e-23	6.79535849741883	0.035	0.001	6.64368373294507e-19
1.69854367565196e-23	7.65305355161661	0.035	0.001	6.64368373294507e-19
1.72307587943157e-23	3.98874234026265	0.31	0.076	6.73963899480864e-19
1.74472540519979e-23	6.63016416835076	0.035	0.001	6.82431894989847e-19
1.77302902037235e-23	7.09946352180313	0.035	0.001	6.9350257102844e-19
1.86957737291886e-23	4.16898682459804	0.195	0.031	7.31266493643485e-19
2.03642981653601e-23	2.24650353415412	0.735	0.558	7.96529158439896e-19
2.80429388774592e-23	4.01348907890869	0.283	0.064	1.09687151125294e-18
3.10145302977356e-23	3.69497586247548	0.212	0.037	1.21310233806563e-18
4.64334667975936e-23	3.8609621666279	0.239	0.046	1.81619862032107e-18
8.53615574771394e-23	2.99833041824079	0.575	0.289	3.33883195916083e-18
9.2038296542083e-23	3.14856238120624	0.434	0.151	3.59998593094703e-18
9.78265388138796e-23	4.0905073802967	0.301	0.073	3.82638723916609e-18
1.06628940094226e-22	4.20710982102674	0.31	0.078	4.17068436284557e-18
1.16700852023112e-22	3.66812592301643	0.327	0.086	4.56463712603199e-18
1.29003065837409e-22	3.96089447405141	0.327	0.088	5.0458259171644e-18
1.52879411671897e-22	4.17567681508508	0.257	0.055	5.97972530813456e-18
1.75162029662539e-22	5.2606641099805	0.071	0.004	6.85128762822055e-18
1.84340322195879e-22	4.9071833542647	0.15	0.02	7.2102873623696e-18
1.90669300289758e-22	5.03176516851437	0.071	0.004	7.45783901153359e-18
2.45569544921701e-22	6.24328777625235	0.044	0.002	9.60520718006743e-18
2.46581466458489e-22	6.04287516764584	0.044	0.002	9.64478747905735e-18
2.53781406575859e-22	6.48629426874143	0.044	0.002	9.92640593680816e-18
2.92127040590691e-22	5.81753224992517	0.062	0.003	1.14262570656643e-17
3.25895564488948e-22	4.43289825729428	0.133	0.016	1.27470791094207e-17
3.58119477747863e-22	4.81153674067239	0.106	0.01	1.40074852526299e-17
3.64585442989774e-22	3.13508400010738	0.602	0.341	1.4260395017102e-17
4.71156139038888e-22	3.93513648232807	0.212	0.039	1.84288012223671e-17
6.40425792899554e-22	4.84265950753985	0.106	0.01	2.50496144634732e-17
7.2452472420772e-22	7.08417599872717	0.027	0.001	2.83390600626607e-17
7.29310535570671e-22	6.66998020396594	0.027	0.001	2.85262522883112e-17
7.38976195954835e-22	6.12139861547032	0.027	0.001	2.89043149285774e-17
8.00010154330339e-22	4.47795075986957	0.168	0.025	3.12915971764769e-17
8.116115057522e-22	7.56706300837849	0.035	0.001	3.17453724359916e-17
8.19722992262346e-22	6.40395307356543	0.035	0.001	3.20626451193494e-17
8.44541840624485e-22	5.80107019950928	0.035	0.001	3.30334095541861e-17
8.76379606376544e-22	3.47254939256618	0.513	0.23	3.42787119238121e-17
9.8472288149106e-22	4.34746859892297	0.186	0.031	3.85164507866413e-17
1.11064458642745e-21	5.78002075257107	0.062	0.004	4.34417523535234e-17
1.30516217402079e-21	4.4283560691675	0.159	0.023	5.1050113274649e-17
1.32366240652834e-21	1.789057650632	0.788	0.619	5.17737313689493e-17
1.46821004906265e-21	5.41342850503594	0.071	0.005	5.74275678590363e-17
1.61831793316505e-21	5.27412048106705	0.177	0.028	6.32988876378177e-17
1.69115692852231e-21	1.56645745828488	0.823	0.784	6.61479121022215e-17
1.79545146096268e-21	3.82983498012846	0.221	0.043	7.02272884440942e-17
2.15880500737306e-21	2.83758973625114	0.611	0.355	8.443949905839e-17
2.88796637873515e-21	3.57110219505679	0.372	0.117	1.12959916937847e-16
3.59613061829169e-21	4.06103196534553	0.257	0.057	1.40659053003861e-16
3.7472931685561e-21	3.75393765303974	0.407	0.143	1.46571624994903e-16
4.00258643093157e-21	3.08953622199834	0.54	0.264	1.56557165659458e-16
4.34148355709609e-21	4.66832488814765	0.088	0.007	1.69812787852257e-16
9.72365967631166e-21	3.40009241341395	0.46	0.185	3.80331224579254e-16
1.18595772439082e-20	3.37808898308788	0.248	0.054	4.63875504318227e-16
1.88221543360408e-20	3.61263023102137	0.274	0.066	7.36209744699899e-16
2.20410528637708e-20	4.18211480925847	0.195	0.035	8.6211374171353e-16
2.31325449048198e-20	7.43711743911535	0.044	0.002	9.04806361407121e-16
2.35294690214104e-20	6.48818230649699	0.035	0.001	9.20331651303448e-16
2.4530643217791e-20	5.7342116738132	0.035	0.001	9.59491578820675e-16
4.3771665540502e-20	3.55455372733819	0.239	0.052	1.7120849259512e-15
4.81274071402619e-20	4.35486050101755	0.177	0.03	1.88245540288421e-15
6.94694968802772e-20	7.18015184614303	0.018	0	2.71722990097516e-15
6.94694968802772e-20	7.70017334034125	0.018	0	2.71722990097516e-15
6.94694968802772e-20	9.20421079127391	0.018	0	2.71722990097516e-15
6.94694968802772e-20	8.21823653786334	0.018	0	2.71722990097516e-15
6.94694968802772e-20	9.1220493841674	0.018	0	2.71722990097516e-15
6.94694968802772e-20	9.17413450487806	0.018	0	2.71722990097516e-15
6.94694968802772e-20	8.31933061568369	0.018	0	2.71722990097516e-15
6.94694968802772e-20	7.02929223971326	0.018	0	2.71722990097516e-15
6.94694968802772e-20	7.15467000117766	0.018	0	2.71722990097516e-15
6.94694968802772e-20	8.40945691728758	0.018	0	2.71722990097516e-15
6.94694968802772e-20	8.86483358135424	0.018	0	2.71722990097516e-15
6.94694968802772e-20	7.65880479164864	0.018	0	2.71722990097516e-15
6.94694968802772e-20	9.79410450469062	0.018	0	2.71722990097516e-15
7.00871711981994e-20	7.65247997813647	0.018	0	2.74138961424637e-15
7.00871711981994e-20	6.7598556445316	0.018	0	2.74138961424637e-15
7.00871711981994e-20	7.91823828131635	0.018	0	2.74138961424637e-15
7.00871711981994e-20	7.32315372094576	0.018	0	2.74138961424637e-15
7.00871711981994e-20	7.77507861880997	0.018	0	2.74138961424637e-15
7.00871711981994e-20	7.05346842936589	0.018	0	2.74138961424637e-15
7.07102732080158e-20	6.20275852912027	0.018	0	2.76576162625833e-15
7.07102732080158e-20	6.58081479571362	0.018	0	2.76576162625833e-15
7.70846673449156e-20	3.06662657998224	0.407	0.146	3.01508967852903e-15
7.93937740677478e-20	3.58734363310989	0.372	0.124	3.10540807888589e-15
8.62210244839912e-20	3.71557937223418	0.274	0.068	3.37244915166683e-15
1.14041500947566e-19	3.5316887719983	0.274	0.068	4.46061926806311e-15
1.16481340313732e-19	3.43301391392159	0.381	0.131	4.55605114503132e-15
1.45241035822099e-19	5.01123163153725	0.133	0.018	5.6809578751456e-15
1.7729325724202e-19	7.38901750947751	0.027	0.001	6.93464846376438e-15
1.7729325724202e-19	6.48548574478764	0.027	0.001	6.93464846376438e-15
1.7729325724202e-19	7.99436599292283	0.027	0.001	6.93464846376438e-15
1.78331410470101e-19	7.49056199790599	0.027	0.001	6.97525478912752e-15
1.80425770856089e-19	6.87446489743263	0.027	0.001	7.05717360126508e-15
1.81482046854598e-19	6.23354146796926	0.027	0.001	7.09848878067074e-15
2.03148397811398e-19	2.8899467160723	0.584	0.338	7.94594643199504e-15
2.30349493940451e-19	4.63808546077317	0.08	0.007	9.00989010598679e-15
3.11141964119061e-19	6.34950394291175	0.062	0.004	1.2170006784553e-14
3.84453311896515e-19	5.09211778478081	0.097	0.01	1.50375068415203e-14
4.10522575748549e-19	6.01133289760235	0.08	0.007	1.60571800278287e-14
4.3704049176563e-19	7.04905264084709	0.035	0.001	1.70944017949209e-14
4.43718050801734e-19	4.25060977778612	0.159	0.025	1.7355587839059e-14
4.62359380629497e-19	5.60990731401177	0.035	0.001	1.80847248139422e-14
4.64365949440514e-19	5.91039418067488	0.035	0.001	1.81632097464162e-14
6.13722825009748e-19	3.49180879790343	0.23	0.051	2.40051545774313e-14
6.99551027107095e-19	5.83859005564267	0.053	0.003	2.73622388742669e-14
7.09848974706485e-19	5.20649480123786	0.071	0.005	2.77650327966695e-14
1.07836686167984e-18	3.96544997756825	0.212	0.045	4.21792414277454e-14
1.09015902229501e-18	4.3278542401896	0.115	0.014	4.26404799980471e-14
1.21967400577764e-18	3.56449150958463	0.363	0.124	4.77063290619868e-14
1.44192421774843e-18	3.0602939650529	0.389	0.142	5.63994238530122e-14
1.53865156125619e-18	4.19377166548488	0.177	0.032	6.01828171669746e-14
1.56975793666023e-18	4.93416462779804	0.097	0.01	6.13995119345283e-14
1.72619150875935e-18	2.57791686855851	0.549	0.3	6.75182546736133e-14
3.10031897547242e-18	4.21618470009319	0.31	0.093	1.21265876406628e-13
3.14188770610499e-18	4.82550673828444	0.097	0.01	1.22891795736591e-13
3.19780221185686e-18	5.30368461982598	0.106	0.012	1.25078835714569e-13
3.43043114344303e-18	4.25510190533723	0.071	0.006	1.34177883744631e-13
4.81415732957771e-18	3.18452255889204	0.611	0.403	1.88300949789103e-13
5.60509956022346e-18	4.75215372987232	0.088	0.009	2.1923786419858e-13
5.61961985065689e-18	4.6964056780332	0.097	0.011	2.19805810838594e-13
5.65949157859453e-18	7.43450504761111	0.044	0.002	2.21365353605147e-13
5.88373473970235e-18	6.35138861897154	0.035	0.001	2.30136400608718e-13
6.00467801163463e-18	5.80451036764197	0.035	0.001	2.34866975747077e-13
6.04474603387555e-18	5.68226356769946	0.044	0.002	2.36434196369008e-13
7.47800629096916e-18	3.50952150056018	0.31	0.093	2.92494738064968e-13
7.97822618887764e-18	2.80752612262619	0.451	0.197	3.1206033915176e-13
1.20327987638126e-17	3.37766614787062	0.354	0.122	4.70650890847766e-13
1.26253808146101e-17	5.24088217711464	0.071	0.006	4.93829145182658e-13
1.4584242900477e-17	3.91118063572499	0.168	0.03	5.70448076809258e-13
1.46396864522589e-17	5.15819285222592	0.088	0.009	5.72616695893656e-13
1.46670608829142e-17	6.77257331604616	0.027	0.001	5.73687419374304e-13
1.46670608829142e-17	6.93841409571647	0.027	0.001	5.73687419374304e-13
1.52150906329754e-17	5.93658629202282	0.027	0.001	5.951230550182e-13
1.60857171956582e-17	3.93254149180428	0.177	0.033	6.29176742390976e-13
1.75055939152595e-17	4.08883060381328	0.212	0.047	6.84713800401462e-13
1.91244010275103e-17	3.56338771749558	0.363	0.13	7.48031821790039e-13
2.31101873100013e-17	4.52639784512549	0.115	0.015	9.0393186644339e-13
2.33528718653469e-17	3.9019811164248	0.265	0.072	9.13424230141179e-13
2.43287358653367e-17	3.73661652496505	0.239	0.059	9.51594174636779e-13
2.49647728525209e-17	3.5932770181208	0.274	0.076	9.76472125353501e-13
2.50865825386673e-17	5.56684804847692	0.071	0.006	9.81236589417432e-13
2.85527230573372e-17	3.19003596025927	0.398	0.159	1.11681120966469e-12
3.07400301043132e-17	5.81502600409588	0.062	0.005	1.20236553750011e-12
3.41145434027844e-17	3.67375677946078	0.239	0.059	1.33435625065651e-12
3.54462807798809e-17	4.52688159917005	0.133	0.02	1.38644582642426e-12
3.80533751533311e-17	4.83919165631192	0.097	0.011	1.48841971574739e-12
4.41469264228182e-17	5.0905825448406	0.08	0.008	1.72676288010211e-12
5.31079547413174e-17	3.28476587831279	0.336	0.112	2.07726454175189e-12
5.85077253401904e-17	6.25949364678503	0.035	0.001	2.28847116895621e-12
5.98699134944286e-17	6.26358122594194	0.035	0.001	2.34175179642108e-12
6.14987039150414e-17	5.68937909500814	0.035	0.001	2.40546030493293e-12
7.19686443595831e-17	5.68252901537162	0.053	0.003	2.81498155548073e-12
7.31008140072771e-17	5.43294751379088	0.053	0.003	2.85926523908064e-12
7.45538544196359e-17	5.30184147083664	0.08	0.008	2.91609946176964e-12
7.98820368021828e-17	3.64746951991799	0.15	0.026	3.12450598748058e-12
1.01268606715744e-16	3.20218854331802	0.363	0.132	3.96102028307959e-12
1.03683013463721e-16	3.78146681713824	0.23	0.056	4.05545738861997e-12
1.16841808161533e-16	6.1608444252559	0.044	0.002	4.5701504844302e-12
1.20457552554056e-16	5.66817962011674	0.044	0.002	4.71157671059935e-12
1.28918186598285e-16	2.8096150920961	0.575	0.373	5.04250595060533e-12
1.43461196458364e-16	3.61016189825322	0.204	0.045	5.61134123827245e-12
1.8572028688086e-16	4.31561748554024	0.124	0.018	7.26426330105797e-12
3.61168485896379e-16	3.93567203294692	0.168	0.032	1.4126744157351e-11
3.80979207291354e-16	3.86213316345205	0.133	0.021	1.4901620713994e-11
4.12370684598894e-16	3.93406098013137	0.168	0.033	1.61294669574011e-11
4.75520232385359e-16	6.82518752988693	0.018	0	1.85994983695209e-11
4.75520232385359e-16	7.85126709968618	0.018	0	1.85994983695209e-11
4.75520232385359e-16	8.38467492830288	0.018	0	1.85994983695209e-11
4.75520232385359e-16	7.48100494935674	0.018	0	1.85994983695209e-11
4.75520232385359e-16	7.91990434194185	0.018	0	1.85994983695209e-11
4.75520232385359e-16	7.24944717074471	0.018	0	1.85994983695209e-11
4.75520232385359e-16	7.08519397300254	0.018	0	1.85994983695209e-11
4.75520232385359e-16	8.96507168902319	0.018	0	1.85994983695209e-11
4.75520232385359e-16	7.888629409516	0.018	0	1.85994983695209e-11
4.75520232385359e-16	8.02270896114205	0.018	0	1.85994983695209e-11
4.75520232385359e-16	7.77360157816625	0.018	0	1.85994983695209e-11
4.788902718363e-16	6.67486883190922	0.018	0	1.8731314092605e-11
4.788902718363e-16	6.94018070729297	0.018	0	1.8731314092605e-11
4.82283845376877e-16	6.68521594033501	0.018	0	1.88640503280712e-11
4.82283845376877e-16	6.32334271933916	0.018	0	1.88640503280712e-11
4.82283845376877e-16	4.6398593828606	0.018	0	1.88640503280712e-11
5.40690128856668e-16	6.52860093784399	0.027	0.001	2.11485537000997e-11
5.40690128856668e-16	7.25696606157325	0.027	0.001	2.11485537000997e-11
5.43266629210275e-16	7.33200324901513	0.027	0.001	2.12493309349307e-11
5.45855227176699e-16	6.18770727233766	0.027	0.001	2.13505813557894e-11
5.75187716158632e-16	2.50743598243935	0.566	0.35	2.24978923298287e-11
7.19756812498989e-16	2.67867220979459	0.398	0.155	2.81525679640855e-11
8.84171487755192e-16	4.09414144187251	0.212	0.051	3.45834835720566e-11
9.08600233390484e-16	3.30988918528639	0.248	0.068	3.55389895288354e-11
9.09174144023397e-16	4.85141825414101	0.115	0.017	3.55614374693312e-11
9.14659209668094e-16	4.73320743658376	0.115	0.017	3.57759803269578e-11
9.28226570449132e-16	5.79392181479857	0.071	0.007	3.63066540765474e-11
1.14749877355224e-15	3.31943140028815	0.31	0.104	4.48832670287225e-11
1.20818259749818e-15	3.91176713924044	0.274	0.083	4.72568541185438e-11
1.3169679623306e-15	4.65825182258177	0.159	0.031	5.15118848785989e-11
1.33583335532105e-15	5.17792707172422	0.053	0.004	5.22497858600275e-11
1.36545237946432e-15	3.63628817135891	0.204	0.048	5.34083043703673e-11
1.51596731206554e-15	3.46788811254873	0.381	0.151	5.92955454441314e-11
1.54919108972506e-15	3.39653938100306	0.239	0.063	6.05950602835061e-11
1.84760933853187e-15	2.54521200715025	0.389	0.151	7.22673916673357e-11
1.95622308029e-15	3.7481075960567	0.221	0.056	7.65157095624629e-11
2.78767290805732e-15	4.37296998150576	0.115	0.017	1.09037038125754e-10
2.96454404767006e-15	5.57641563210067	0.035	0.002	1.15955175880567e-10
3.09515211620361e-15	5.47676979206813	0.071	0.007	1.21063779873188e-10
4.23357178740065e-15	3.91636844166594	0.354	0.139	1.65591926892389e-10
5.14911572322579e-15	4.48387429866481	0.115	0.017	2.01402512398253e-10
5.95995445490042e-15	4.05699034672409	0.142	0.025	2.33117658548975e-10
6.46003185481434e-15	3.03609417487418	0.425	0.199	2.52677685969208e-10
6.97452844312215e-15	3.5858410377783	0.159	0.032	2.7280170552428e-10
7.45824949364181e-15	5.75391651220082	0.053	0.004	2.91721970694306e-10
7.97584802817135e-15	2.6978635260316	0.372	0.15	3.11967319773894e-10
9.14419615441631e-15	3.52216767978479	0.23	0.062	3.5766608838384e-10
9.53763869979112e-15	5.14456487105659	0.097	0.013	3.7305520010363e-10
1.10581876879196e-14	6.5450606859671	0.027	0.001	4.32529953225288e-10
1.10994562080223e-14	3.36821894907894	0.372	0.154	4.34144130120583e-10
1.13503417997358e-14	5.30647863602277	0.027	0.001	4.43957269154864e-10
1.15522016223285e-14	4.70863919349146	0.088	0.011	4.51852814255758e-10
1.19020063414744e-14	3.4930329108958	0.248	0.072	4.6553507604043e-10
1.24159284166737e-14	4.72184187062907	0.142	0.026	4.85636624089774e-10
1.56384991340809e-14	3.57856188668164	0.212	0.054	6.1168425513044e-10
1.60747509589776e-14	3.69148335506558	0.221	0.059	6.28747809009449e-10
1.60957312570668e-14	6.88168590420094	0.035	0.002	6.2956843238891e-10
1.6292722985866e-14	4.15889545124509	0.239	0.068	6.37273566869163e-10
1.63696670604559e-14	5.64470123008627	0.044	0.003	6.40283157402673e-10
1.64680875975058e-14	5.84926215287137	0.035	0.002	6.44132778288844e-10
1.65871124700024e-14	3.94797703546845	0.124	0.02	6.48788317151672e-10
1.66251371638621e-14	5.70479525671911	0.053	0.004	6.50275615027303e-10
1.69593058423752e-14	4.99237470995474	0.035	0.002	6.63346288718662e-10
1.72420315091449e-14	5.22647030251268	0.062	0.006	6.74404820448694e-10
2.0017967291764e-14	3.90452615139152	0.106	0.015	7.82982772650056e-10
2.07821211435885e-14	4.7952805526411	0.071	0.007	8.12871886410319e-10
2.09608432061038e-14	4.05700811067614	0.08	0.009	8.19862421163544e-10
2.24700093235292e-14	3.50583915257598	0.204	0.051	8.7889194468052e-10
2.26741115703586e-14	3.5160202773044	0.265	0.083	8.86875199963008e-10
2.33704057731161e-14	2.8988527379027	0.283	0.092	9.14110051409664e-10
2.39332746685948e-14	4.02073657506328	0.133	0.023	9.36126105387415e-10
2.68283599808801e-14	4.8929982578542	0.115	0.018	1.04936447229214e-09
2.71259691642138e-14	3.23636899681391	0.434	0.216	1.06100515788906e-09
2.91744760363723e-14	3.51594453315897	0.186	0.043	1.14113045568667e-09
3.1025695582644e-14	0.801194757078973	0.646	0.259	1.21353905701954e-09
3.24576957916136e-14	4.37463927169952	0.088	0.011	1.26955031319317e-09
3.29047425839105e-14	4.79058267748994	0.071	0.007	1.28703610142708e-09
3.40550691566387e-14	3.69945113660367	0.257	0.079	1.33202997499277e-09
3.5637261660485e-14	5.30838252556255	0.053	0.004	1.39391585258821e-09
3.73077184978439e-14	5.03135199119448	0.053	0.004	1.45925410132467e-09
3.86390542182735e-14	3.88707482224722	0.097	0.013	1.51132796669355e-09
4.64670583609488e-14	5.28768629455226	0.044	0.003	1.81751252073015e-09
5.22776793847936e-14	2.96871062446905	0.239	0.068	2.04478915145682e-09
5.38194651238228e-14	2.91659728048978	0.478	0.269	2.1050945588532e-09
5.45989776115315e-14	4.1434406107972	0.044	0.003	2.13558441029744e-09
5.53683051336558e-14	2.43192403888076	0.549	0.371	2.16567588699781e-09
5.8921907357321e-14	4.29409180771664	0.062	0.006	2.30467148437425e-09
6.042383142184e-14	3.23505816913633	0.212	0.056	2.36341774223385e-09
6.22734265639257e-14	3.22718168221562	0.336	0.131	2.43576280662139e-09
6.29080759878543e-14	3.5192569144592	0.354	0.147	2.46058648418893e-09
7.42929412575771e-14	6.03207110381109	0.035	0.002	2.90589410434887e-09
7.52236988451518e-14	5.53189770667155	0.035	0.002	2.94229975662927e-09
7.52236988451518e-14	6.40580645523329	0.035	0.002	2.94229975662927e-09
8.70060816178776e-14	3.66501125577039	0.221	0.061	3.40315587640167e-09
1.09718688516252e-13	4.30623933205527	0.088	0.012	4.29153678262469e-09
1.287910478845e-13	5.24982627624686	0.044	0.003	5.03753304695433e-09
1.41291678014644e-13	4.6124735391421	0.088	0.012	5.5264826938648e-09
1.41413328182821e-13	6.68399624145677	0.027	0.001	5.53124091854285e-09
1.42590678580393e-13	3.78227315995044	0.106	0.016	5.57729180199348e-09
1.48576792170017e-13	3.92561777256918	0.133	0.024	5.81143264893803e-09
1.50418982432528e-13	4.05083443304507	0.142	0.028	5.88348807886588e-09
1.69429669615256e-13	4.56321466423449	0.062	0.006	6.62707209733113e-09
1.70348686413196e-13	5.20150925693582	0.062	0.006	6.66301852036574e-09
1.74177794098533e-13	6.23679778373363	0.018	0	6.81279023837003e-09
1.74177794098533e-13	7.14924078163084	0.018	0	6.81279023837003e-09
1.74177794098533e-13	7.13506199416408	0.018	0	6.81279023837003e-09
1.74177794098533e-13	6.80851419412948	0.018	0	6.81279023837003e-09
1.74177794098533e-13	6.18479428699489	0.018	0	6.81279023837003e-09
1.74177794098533e-13	7.31266455018779	0.018	0	6.81279023837003e-09
1.74177794098533e-13	8.49825932585696	0.018	0	6.81279023837003e-09
1.74177794098533e-13	6.85669057843932	0.018	0	6.81279023837003e-09
1.74177794098533e-13	8.01379781702369	0.018	0	6.81279023837003e-09
1.74177794098533e-13	7.01955549263152	0.018	0	6.81279023837003e-09
1.75203008136242e-13	6.68436830343563	0.018	0	6.85289046024098e-09
1.76234150435629e-13	5.88876567875949	0.018	0	6.8932225601392e-09
1.76234150435629e-13	6.67434802789619	0.018	0	6.8932225601392e-09
1.76234150435629e-13	7.93242928902895	0.018	0	6.8932225601392e-09
1.77271254641276e-13	6.9361615876107	0.018	0	6.93378785403887e-09
1.77271254641276e-13	5.98907936642697	0.018	0	6.93378785403887e-09
1.79390515251016e-13	2.3951484902364	0.478	0.27	7.01668061352826e-09
1.9061523951867e-13	2.5763809257452	0.469	0.259	7.45572447853326e-09
2.00471486239792e-13	3.57339895271754	0.204	0.053	7.84124171278322e-09
3.0304516409061e-13	3.28191551073016	0.239	0.073	1.18533085482401e-08
3.05875948936599e-13	6.40925966619361	0.044	0.003	1.19640318667061e-08
3.16367129608783e-13	5.23034522602745	0.044	0.003	1.23743839075179e-08
3.40914805622227e-13	3.15176861433892	0.221	0.063	1.33345417071078e-08
3.42501272018799e-13	2.67416060254064	0.363	0.155	1.33965947537433e-08
3.94947696643244e-13	4.393202296652	0.115	0.019	1.54479842065038e-08
4.11570720069038e-13	3.73611956949195	0.168	0.038	1.60981771447804e-08
4.58568274967114e-13	2.90253352596944	0.265	0.085	1.79364395070637e-08
4.72633522484388e-13	3.84324344350649	0.106	0.017	1.84865875984544e-08
5.14987566078835e-13	3.20237033914035	0.212	0.058	2.01432236596075e-08
5.7774296973e-13	4.77332839172092	0.053	0.005	2.25978385180192e-08
6.37002660477861e-13	4.31519969635452	0.053	0.005	2.49157220619311e-08
6.53396297632633e-13	2.46252436437207	0.434	0.223	2.55569427856028e-08
6.76901460923747e-13	3.37634623480639	0.265	0.089	2.64763237425714e-08
7.41761566142733e-13	2.36439242405533	0.496	0.289	2.90132618981069e-08
8.23234171852271e-13	3.14920790162738	0.248	0.079	3.21999813978297e-08
8.66834245661229e-13	3.29151895028747	0.23	0.069	3.39053546847933e-08
9.98419180561177e-13	3.34699190409661	0.283	0.102	3.90521678284699e-08
1.00210353315902e-12	4.03890444559511	0.106	0.017	3.91962775959819e-08
1.0829174207019e-12	4.53962758772773	0.053	0.005	4.23572319933342e-08
1.10380564593614e-12	5.26106734844937	0.035	0.002	4.31742540351461e-08
1.23352150067867e-12	3.34356079279184	0.248	0.079	4.82479599775455e-08
1.28310691842285e-12	5.25140287465005	0.027	0.001	5.01874440071912e-08
1.28787229980787e-12	5.50261408603778	0.027	0.001	5.0373837134685e-08
1.28787229980787e-12	5.82195105675238	0.027	0.001	5.0373837134685e-08
1.44843665258529e-12	4.65950467216796	0.071	0.008	5.6654151229221e-08
1.54965216233483e-12	3.8458972518118	0.195	0.052	6.06130946775647e-08
1.55237288617336e-12	2.55713757912189	0.566	0.426	6.0719513069785e-08
1.72045262441335e-12	5.16936336321551	0.044	0.003	6.72937839513038e-08
1.75575390025819e-12	4.44798441429756	0.088	0.013	6.86745580546986e-08
2.01990369319655e-12	4.4376034529407	0.071	0.008	7.90065130556899e-08
2.04686126623927e-12	4.71299851678568	0.053	0.005	8.00609315676826e-08
2.18945153463434e-12	3.17522197732875	0.274	0.096	8.56382073256875e-08
2.60412619930956e-12	3.87833538238869	0.177	0.045	1.01857792159794e-07
2.60883754682988e-12	3.741292683545	0.088	0.013	1.02042071806704e-07
2.71785177039599e-12	2.45736463047699	0.513	0.345	1.06306054147269e-07
2.8819002808423e-12	2.21820879334677	0.549	0.394	1.12722647584866e-07
2.92829257737357e-12	3.36626640936459	0.212	0.062	1.1453723587139e-07
3.01985011015902e-12	3.93307441651313	0.071	0.008	1.1811841720876e-07
3.0211432886958e-12	4.23777217771207	0.124	0.024	1.18168998594048e-07
3.31895109654107e-12	6.1597769086452	0.053	0.005	1.29817453190107e-07
3.42546058802685e-12	4.09016287329838	0.106	0.018	1.33983465440082e-07
3.60698927078817e-12	4.90044856383116	0.035	0.002	1.41083778337609e-07
3.72241741016759e-12	3.50420281717533	0.23	0.071	1.45598634581295e-07
4.10859703069396e-12	3.4318866103202	0.168	0.041	1.60703664258563e-07
4.30147078903541e-12	4.24829040762821	0.274	0.101	1.68247728442331e-07
4.38939827787589e-12	3.81462061949618	0.142	0.03	1.71686924240837e-07
4.8585881760975e-12	2.68853033226525	0.416	0.217	1.90038817919878e-07
5.12129389821074e-12	3.04892481903151	0.23	0.071	2.00314289534615e-07
6.00876031405901e-12	3.58657293117558	0.212	0.063	2.35026650924104e-07
6.43134670318109e-12	4.02071551614491	0.097	0.016	2.51555694948225e-07
6.84316850520828e-12	1.91453979356288	0.602	0.446	2.67663692912717e-07
7.3554947245261e-12	2.71220154812577	0.487	0.313	2.87702820655114e-07
8.329801681337e-12	2.47235405097646	0.425	0.223	3.25811862963815e-07
8.54439902768063e-12	6.72398141245255	0.027	0.001	3.342056235687e-07
8.54439902768063e-12	6.38766970366074	0.027	0.001	3.342056235687e-07
1.07943980286499e-11	5.28682735252817	0.035	0.002	4.22212084492612e-07
1.08359636464271e-11	4.82538217651956	0.062	0.007	4.23837882066349e-07
1.09487889912083e-11	3.59102217236306	0.195	0.055	4.28250932602123e-07
1.19444255900124e-11	6.93249075399517	0.018	0.001	4.67194262527746e-07
1.19444255900124e-11	7.57641691612071	0.018	0.001	4.67194262527746e-07
1.20044942700105e-11	6.42839967117069	0.018	0.001	4.6954378887719e-07
1.20044942700105e-11	7.52110378040323	0.018	0.001	4.6954378887719e-07
1.20044942700105e-11	6.73335145197071	0.018	0.001	4.6954378887719e-07
1.20648588226485e-11	5.13082835490475	0.018	0.001	4.71904887989075e-07
1.20648588226485e-11	7.01371041512324	0.018	0.001	4.71904887989075e-07
1.21864812544898e-11	5.68832695123697	0.018	0.001	4.76662027788115e-07
1.27805811323217e-11	4.09798619569656	0.283	0.109	4.99899650409633e-07
1.2842165486005e-11	3.62098776123628	0.106	0.019	5.02308460819601e-07
1.47332822229453e-11	4.04654211849178	0.097	0.016	5.76277600868283e-07
1.58978903365833e-11	3.66687149598349	0.124	0.025	6.21830082625119e-07
1.66706728288526e-11	3.75103484951078	0.124	0.025	6.52056697027742e-07
1.75430640488671e-11	2.07616989756651	0.558	0.389	6.86179407207389e-07
1.8693403091409e-11	4.54171647392143	0.08	0.011	7.3117376851737e-07
2.02061369123141e-11	3.30784123877068	0.336	0.15	7.90342839188255e-07
2.29193910440091e-11	3.15605105138683	0.23	0.075	8.96469061295371e-07
2.48943775886025e-11	4.1975160167316	0.124	0.025	9.73718685000598e-07
2.49104150682524e-11	5.34083981081529	0.097	0.016	9.74345974979624e-07
2.60455910835695e-11	3.40876485207654	0.257	0.092	1.01874724964274e-06
2.84103957577707e-11	5.85314976696339	0.035	0.002	1.11124421966944e-06
2.92059017613786e-11	4.43148523648627	0.035	0.002	1.14235964149456e-06
2.95185612045147e-11	2.94519969425803	0.442	0.255	1.15458900295339e-06
3.74716696404112e-11	3.85659875035783	0.115	0.022	1.46566688631504e-06
3.7603444506401e-11	3.57280757452351	0.15	0.036	1.47082112842337e-06
3.77720911232529e-11	3.16373150345582	0.31	0.133	1.47741757219491e-06
3.97922344283561e-11	3.66581311725082	0.142	0.032	1.55643345743072e-06
4.46817705129702e-11	5.6929514828858	0.027	0.001	1.74768277184432e-06
4.71712518086812e-11	3.26403248306826	0.221	0.072	1.84505634324476e-06
4.82828364980357e-11	3.3748131312461	0.336	0.155	1.88853486678417e-06
4.9234944399532e-11	2.78920622818536	0.381	0.194	1.9257756152433e-06
5.73738654319903e-11	3.78458332892985	0.08	0.012	2.24412137250687e-06
5.95745988555819e-11	3.53205824357667	0.142	0.033	2.33020085963723e-06
6.07305848702219e-11	5.14999758553539	0.044	0.004	2.37541609661386e-06
6.08753293055762e-11	3.34019672990753	0.159	0.04	2.38107763045831e-06
7.27478344595025e-11	4.70870428898543	0.053	0.006	2.84545879704898e-06
7.39911451162616e-11	5.15495231762074	0.035	0.002	2.89408965007746e-06
7.47094593812278e-11	4.36887462518397	0.035	0.002	2.92218579423735e-06
7.56169473722518e-11	5.39879676129705	0.035	0.002	2.95768127951826e-06
9.43208717675402e-11	4.51475448216226	0.097	0.017	3.68926657831557e-06
1.08356403488123e-10	3.18251420970563	0.23	0.079	4.23825236603443e-06
1.08391158690137e-10	5.65481863173266	0.044	0.004	4.23961178100604e-06
1.11176360377001e-10	2.66582193294572	0.389	0.209	4.34855215978602e-06
1.12029717620674e-10	4.9002901185212	0.071	0.01	4.38193037501503e-06
1.23956792264361e-10	3.5330371753387	0.15	0.037	4.84844597262822e-06
1.30746676522948e-10	4.37521092944712	0.124	0.027	5.11402550551857e-06
1.32921669942886e-10	2.3715303524298	0.487	0.33	5.19909819814605e-06
1.34841725102647e-10	3.13254447118659	0.292	0.123	5.27419923566492e-06
1.35492815352063e-10	3.18238199405174	0.177	0.05	5.29966597968058e-06
1.36629663970371e-10	5.96012081183978	0.062	0.008	5.34413267653709e-06
1.42050724588769e-10	2.75911041736391	0.292	0.121	5.55617204156512e-06
1.4471785491662e-10	2.85480516503833	0.292	0.119	5.66049417720868e-06
1.52317783900815e-10	4.39894453101339	0.062	0.008	5.95775779949647e-06
1.56603925125934e-10	2.93164365450212	0.168	0.045	6.12540592737578e-06
1.57015828850903e-10	2.43493707241103	0.504	0.352	6.1415171296742e-06
1.60967668476236e-10	3.2586050646194	0.195	0.059	6.29608938477948e-06
1.63557001014968e-10	4.35498649719423	0.071	0.01	6.39736853769946e-06
1.76043509238227e-10	3.37101329042635	0.071	0.01	6.88576582034402e-06
1.96169497111614e-10	5.75757107419715	0.027	0.001	7.67297371002368e-06
1.9736218172718e-10	5.35254683920773	0.027	0.001	7.71962437607691e-06
1.99327703453025e-10	4.58499530392898	0.071	0.01	7.79650379286164e-06
2.12473237806523e-10	2.99969323600182	0.23	0.08	8.31067822356436e-06
2.17061100877268e-10	3.17426053613416	0.239	0.085	8.49012789971347e-06
2.39776799671415e-10	3.38632252478989	0.301	0.128	9.37862974234772e-06
2.87013633659461e-10	6.90772948517266	0.018	0.001	1.12262512669562e-05
2.87013633659461e-10	6.22759200982143	0.018	0.001	1.12262512669562e-05
2.87013633659461e-10	7.27758859063065	0.018	0.001	1.12262512669562e-05
2.87013633659461e-10	7.41154708248451	0.018	0.001	1.12262512669562e-05
2.87013633659461e-10	6.5408378884074	0.018	0.001	1.12262512669562e-05
2.87013633659461e-10	6.65875707891534	0.018	0.001	1.12262512669562e-05
2.87013633659461e-10	7.67261622138284	0.018	0.001	1.12262512669562e-05
2.87013633659461e-10	7.24472708151416	0.018	0.001	1.12262512669562e-05
2.87013633659461e-10	7.04966158888648	0.018	0.001	1.12262512669562e-05
2.87013633659461e-10	6.02920209798297	0.018	0.001	1.12262512669562e-05
2.87541599865724e-10	3.97058533061401	0.062	0.008	1.12469021371479e-05
2.88272687587678e-10	5.82629718285291	0.018	0.001	1.12754979023044e-05
2.88272687587678e-10	5.81490460957182	0.018	0.001	1.12754979023044e-05
2.88272687587678e-10	5.57398549283068	0.018	0.001	1.12754979023044e-05
2.88272687587678e-10	6.40420638357421	0.018	0.001	1.12754979023044e-05
2.88272687587678e-10	6.33677173199747	0.018	0.001	1.12754979023044e-05
2.89537134521057e-10	5.46125951827734	0.018	0.001	1.13249554796566e-05
3.02023687426344e-10	2.98140464056029	0.265	0.105	1.1813354509994e-05
3.25187731763085e-10	2.97742018902517	0.372	0.193	1.27193929401813e-05
3.42437093857756e-10	2.99547491349089	0.177	0.051	1.33940844891523e-05
3.55213740275103e-10	4.93987940066762	0.044	0.004	1.38938302371204e-05
3.6184553462325e-10	4.15940742370197	0.071	0.01	1.41532262412538e-05
3.76323482210467e-10	3.97480033074482	0.071	0.01	1.47195166831802e-05
3.84319420519577e-10	4.53050591952865	0.08	0.013	1.50322698142028e-05
3.85037800093774e-10	3.84734783344775	0.168	0.047	1.50603685128679e-05
3.88354600636535e-10	3.69556438765713	0.088	0.015	1.51901018492974e-05
3.9571084598366e-10	3.41853999293273	0.389	0.217	1.54778340298049e-05
3.96598123769491e-10	5.01681626824822	0.035	0.003	1.55125390131199e-05
3.97489776291257e-10	5.78840169342478	0.035	0.003	1.55474151098562e-05
4.02880931357773e-10	5.49149296293492	0.035	0.003	1.57582847491279e-05
4.23278833575776e-10	2.56866317385481	0.389	0.212	1.65561282964829e-05
4.5449550735415e-10	3.71139859568969	0.088	0.015	1.77771372746502e-05
4.5604416786012e-10	3.03666491357747	0.168	0.047	1.78377115816807e-05
4.9259753419543e-10	5.48723074526253	0.062	0.008	1.926745995252e-05
6.18883398928699e-10	2.72309619790574	0.345	0.17	2.42070052656971e-05
6.42883146226559e-10	3.53791133516955	0.124	0.028	2.51457313815056e-05
6.60582973485254e-10	3.09173242632238	0.283	0.12	2.58380424249022e-05
7.21274834751927e-10	6.24638754041741	0.027	0.002	2.82119438864869e-05
7.25406206735993e-10	6.08550554952135	0.027	0.002	2.83735383702716e-05
7.31646580746987e-10	5.70028036783877	0.027	0.002	2.86176243593376e-05
8.5070439222801e-10	5.34051958700485	0.035	0.003	3.32744515976064e-05
8.89041681636298e-10	2.96912305151663	0.239	0.089	3.47739763355222e-05
9.72723128568035e-10	3.30704264135087	0.168	0.048	3.80470924508101e-05
9.93105681164318e-10	3.18563422208093	0.265	0.108	3.88443356130611e-05
9.97791574229515e-10	3.70821303444464	0.062	0.008	3.90276196344133e-05
1.20316236649465e-09	2.75205983124297	0.195	0.063	4.70604928030717e-05
1.24175376372289e-09	4.64615037369757	0.062	0.008	4.85699567142571e-05
1.25459537228531e-09	4.56379924017319	0.062	0.008	4.90722433915678e-05
1.28886791586639e-09	4.43072025529992	0.053	0.006	5.04127796611979e-05
1.32955611883398e-09	3.49566105387978	0.177	0.054	5.20042580320723e-05
1.42137551103226e-09	3.03105924798005	0.204	0.068	5.55956817385159e-05
1.54057566493558e-09	3.1593059773912	0.212	0.074	6.02580765582903e-05
1.62597338797502e-09	2.4849797404481	0.407	0.246	6.35983230972549e-05
1.64866036123338e-09	2.14030171416504	0.434	0.262	6.44857013692824e-05
1.67338496502835e-09	4.57519275496417	0.062	0.008	6.54527795221188e-05
1.73304424781369e-09	5.63185263989767	0.035	0.003	6.77862927089845e-05
1.81122539387292e-09	3.71458875761134	0.088	0.016	7.08442700559453e-05
1.82727915906945e-09	1.70899250664883	0.628	0.609	7.14721970278424e-05
1.84488037398079e-09	4.00804256924199	0.08	0.013	7.21606509478845e-05
1.89007172687777e-09	3.01631388057107	0.177	0.054	7.39282655250969e-05
1.9761318188628e-09	3.6799846518899	0.133	0.033	7.72944199629994e-05
1.98932500012545e-09	2.54366764741771	0.381	0.211	7.78104580549069e-05
2.12598374392924e-09	3.69040741110887	0.142	0.037	8.31557281600482e-05
2.17075053406258e-09	4.29311405986942	0.062	0.009	8.49067363893236e-05
2.26807634147465e-09	3.78655381523458	0.062	0.009	8.87135380204395e-05
2.273446414469e-09	3.67113642641798	0.097	0.019	8.89235830555405e-05
2.32134464262321e-09	5.31976129348682	0.027	0.002	9.07970743515644e-05
2.32134464262321e-09	5.78873697288436	0.027	0.002	9.07970743515644e-05
2.32134464262321e-09	6.14488823075925	0.027	0.002	9.07970743515644e-05
2.35115835423014e-09	2.80767492453806	0.451	0.302	9.19632078673576e-05
2.36561151898264e-09	4.93937366527818	0.027	0.002	9.25285289534871e-05
2.37200210269092e-09	5.57517117203355	0.027	0.002	9.27784902446527e-05
2.41092262646161e-09	3.0993830545576	0.619	0.672	9.43008276114195e-05
2.5175973833953e-09	3.81028228092182	0.106	0.023	9.84733040541239e-05
2.52932095481111e-09	3.73101873872978	0.186	0.06	9.89318598264818e-05
2.59310871117425e-09	4.6843963130726	0.044	0.005	0.00010142685412887
2.73706493000148e-09	3.00991873265351	0.168	0.05	0.000107057557672078
2.75530681471766e-09	3.83512987179508	0.23	0.087	0.000107771070750867
2.82016768814631e-09	3.00848735418821	0.195	0.065	0.000110308038954155
2.89495050136818e-09	4.39546307217679	0.062	0.009	0.000113233093910515
2.97528401179541e-09	3.15560924520083	0.142	0.037	0.000116375258837366
3.0052282062631e-09	4.10658732645354	0.124	0.03	0.000117546496059775
3.10813922321617e-09	2.16861029335431	0.496	0.35	0.000121571757576877
3.27465023382654e-09	3.18202478734797	0.265	0.112	0.000128084669245891
3.33047301931158e-09	2.94110202314244	0.097	0.019	0.000130268121677353
3.42438348135842e-09	8.12191019655792	0.018	0.001	0.000133941335489853
3.42438348135842e-09	6.92819350107709	0.018	0.001	0.000133941335489853
3.42438348135842e-09	6.35277207718829	0.018	0.001	0.000133941335489853
3.43769569579444e-09	5.48461197351504	0.018	0.001	0.000134462029445304
3.46447143703524e-09	5.53808218136894	0.018	0.001	0.000135509335788196
3.61055391059746e-09	2.87340314656872	0.168	0.05	0.000141223205659109
3.6479323890588e-09	3.12960078237576	0.195	0.066	0.000142685227465646
4.01999944463264e-09	2.45717510945611	0.478	0.343	0.000157238258277361
4.1972677106889e-09	4.53780655838999	0.142	0.038	0.000164171929235886
4.2157714794812e-09	4.8744087602481	0.106	0.023	0.000164895685648428
4.61776296518842e-09	3.99966027711944	0.08	0.014	0.00018061918062038
4.8312948835497e-09	4.15851839054924	0.062	0.009	0.000188971268075163
4.85104084996025e-09	4.87166117122478	0.053	0.007	0.000189743611805345
4.85318152987106e-09	2.77706868239756	0.195	0.065	0.000189827342359377
5.06405222683171e-09	3.0277054523121	0.177	0.056	0.000198075338800295
5.11299784613009e-09	4.18718551886909	0.097	0.02	0.000199989797753532
5.35552283539014e-09	2.95338962786273	0.204	0.07	0.00020947592018345
5.60026420035641e-09	2.76756909866487	0.274	0.119	0.000219048733932741
5.83391109125058e-09	2.37934628198246	0.283	0.122	0.000228187598423175
5.86419056622009e-09	2.84048715436437	0.283	0.127	0.000229371949807133
6.02591580144031e-09	4.33577681297944	0.062	0.009	0.000235697670657536
6.16185592337096e-09	5.73996894265685	0.044	0.005	0.000241014832586732
6.20998212127608e-09	3.32174383339733	0.177	0.057	0.000242897240691592
6.61672603033625e-09	4.27403119749685	0.035	0.003	0.000258806621950572
6.64276273493054e-09	5.40055203826414	0.035	0.003	0.000259825021614073
6.65153619096267e-09	3.44823184151016	0.133	0.035	0.000260168186573314
6.67087752150587e-09	6.64403160003223	0.027	0.002	0.000260924703376181
6.67087752150587e-09	6.32151498371986	0.027	0.002	0.000260924703376181
6.70509060988277e-09	5.39643541819821	0.027	0.002	0.000262262914114955
6.7740295143438e-09	4.99210238179092	0.027	0.002	0.000264959390424043
6.81698223319104e-09	2.82342146204394	0.177	0.057	0.000266639443069034
7.670823487763e-09	3.09924872270471	0.31	0.151	0.000300036589900362
7.89823398580664e-09	4.35194942752831	0.062	0.009	0.000308931524120841
8.06094565827361e-09	3.97098354556962	0.097	0.02	0.000315295828477714
8.67097894955309e-09	2.79706638264449	0.31	0.152	0.00033915667063282
9.07359083967652e-09	3.89230925847733	0.106	0.024	0.000354904432103107
9.07665485606187e-09	4.36127646999259	0.053	0.007	0.000355024278040004
9.22379010763687e-09	4.60318623003741	0.053	0.007	0.000360779326270109
9.82395282311181e-09	4.04281993710658	0.062	0.009	0.000384254090723195
1.00470919085304e-08	1.84917974783114	0.575	0.534	0.000392981952910259
1.05945287471343e-08	3.90065634795417	0.142	0.039	0.000414394397415412
1.06032330679238e-08	3.72572694281558	0.115	0.028	0.00041473485821877
1.06237952198498e-08	3.19642352629788	0.274	0.123	0.000415539126229204
1.09685615425141e-08	3.69143658723979	0.133	0.035	0.000429024316173896
1.11971192739489e-08	2.5539440883114	0.257	0.107	0.000437964123281236
1.15401457633156e-08	2.57495705855653	0.398	0.244	0.000451381261386327
1.36019733604375e-08	3.26496550778637	0.168	0.053	0.000532027586020154
1.39384783835091e-08	2.8658569990662	0.186	0.062	0.000545189643492577
1.41624861804534e-08	3.30960253226342	0.133	0.036	0.000553951484462256
1.77794777667071e-08	4.92688278930241	0.027	0.002	0.000695426493366982
1.82718066066314e-08	3.25897607053236	0.133	0.036	0.000714683443611779
1.85785206397691e-08	3.40100955353531	0.168	0.054	0.000726680256303929
1.88701630491917e-08	3.45226130609019	0.124	0.032	0.000738087557506083
2.00092471045915e-08	4.32350712672506	0.062	0.009	0.000782641691248993
2.22166874668124e-08	4.04921267322315	0.053	0.007	0.000868983513576898
2.2376128875115e-08	2.60850885949219	0.283	0.13	0.000875219904821249
2.2382512423405e-08	3.53380860849704	0.177	0.059	0.000875469590929065
2.2685152439406e-08	3.09859696072899	0.142	0.04	0.000887307052514926
2.50103125503381e-08	6.15890271221513	0.018	0.001	0.000978253365093924
2.50103125503381e-08	6.259150958472	0.018	0.001	0.000978253365093924
2.50103125503381e-08	5.69861239922858	0.018	0.001	0.000978253365093924
2.50103125503381e-08	6.83010987193018	0.018	0.001	0.000978253365093924
2.50975547594097e-08	7.5284528865426	0.018	0.001	0.00098166575685955
2.50975547594097e-08	5.47049300852524	0.018	0.001	0.00098166575685955
2.518509228205e-08	5.30636756074915	0.018	0.001	0.000985089699520104
2.518509228205e-08	5.60998817311187	0.018	0.001	0.000985089699520104
2.52310458061886e-08	1.59847671698756	0.584	0.508	0.000986887125663261
2.52729260855918e-08	4.97240858271727	0.018	0.001	0.000988525230911839
2.52729260855918e-08	5.28459136096253	0.018	0.001	0.000988525230911839
2.52729260855918e-08	6.11980758357267	0.018	0.001	0.000988525230911839
2.5449486419999e-08	4.85640740102872	0.018	0.001	0.00099543121183184
2.61202429850697e-08	2.51493595939894	0.31	0.156	0.00102166718411802
2.76163744972749e-08	3.71533020422773	0.062	0.01	0.00108018687208641
3.11720486019275e-08	2.89375373973572	0.292	0.144	0.00121926350901579
3.5391053067661e-08	2.48006413406883	0.31	0.16	0.00138428564968849
3.66737576122737e-08	2.599055137489	0.301	0.151	0.00143445735524647
3.88398157389618e-08	2.96761836970092	0.168	0.055	0.00151918055281375
3.97021414764076e-08	2.52162541345007	0.336	0.184	0.00155290956170821
4.09313080984218e-08	3.03573188994988	0.088	0.018	0.00160098718496167
4.16084265096868e-08	5.23711368486396	0.027	0.002	0.00162747199449989
4.18982116787169e-08	5.64992187116526	0.027	0.002	0.00163880665160133
4.19952408762027e-08	4.95961391569045	0.027	0.002	0.00164260185163179
4.31274067405584e-08	3.14319446528863	0.106	0.025	0.0016868853872502
4.38227963341607e-08	3.61463638890534	0.071	0.012	0.00171408485581436
4.40423691304127e-08	4.48771537203349	0.044	0.005	0.00172267322616696
4.43375343959777e-08	3.07738045291602	0.186	0.066	0.00173421832036427
4.536409133212e-08	3.63461443053533	0.08	0.015	0.00177437106836454
5.03837469579465e-08	3.10988230913822	0.186	0.066	0.00197070987851312
5.54505981039763e-08	2.78972534957015	0.239	0.1	0.00216889469423893
5.73074679446296e-08	2.66509465900111	0.195	0.071	0.00224152430118624
5.86287849280167e-08	5.00769850330731	0.035	0.004	0.00229320629367445
5.90051932402702e-08	4.5253509462664	0.062	0.01	0.00230792912839993
6.32210417664609e-08	2.72182232166199	0.257	0.116	0.00247282782765335
6.38318067785532e-08	2.69958856447929	0.301	0.154	0.00249671729033633
6.90956064981743e-08	2.26266022184581	0.363	0.211	0.00270260555256959
7.28727597601445e-08	3.75998603269016	0.062	0.01	0.00285034512525829
7.70591076766396e-08	2.12083099135915	0.451	0.318	0.00301408993766408
8.04408159145047e-08	2.6361836240511	0.292	0.146	0.00314636207367994
8.61743420446783e-08	3.13279749388069	0.115	0.03	0.00337062321473555
8.87003055912008e-08	3.45424489052512	0.088	0.019	0.00346942375289423
9.14190173156944e-08	2.67984925360453	0.221	0.09	0.00357576344328607
9.14637801265405e-08	2.43278917008119	0.319	0.169	0.00357751429586951
9.19192709987914e-08	5.52524583840727	0.027	0.002	0.00359533036584673
9.25300567266234e-08	5.32278161947202	0.027	0.002	0.00361922063880515
9.25300567266234e-08	4.96991829604303	0.027	0.002	0.00361922063880515
9.37634373750637e-08	4.85567573753156	0.027	0.002	0.00366746308948824
9.84818565017663e-08	2.17400013595138	0.372	0.223	0.00385201933521009
1.00664821545606e-07	3.12532531717283	0.239	0.104	0.00393740382993483
1.040702544082e-07	2.48719274408396	0.336	0.188	0.00407060393092232
1.0716855680329e-07	3.22554303756301	0.195	0.073	0.00419179093080388
1.07314689112507e-07	4.4624780222702	0.071	0.013	0.00419750674994659
1.10220825758101e-07	4.06757616923535	0.053	0.008	0.00431117737870237
1.10327783921471e-07	2.77265544139765	0.186	0.067	0.00431536094030441
1.1300446014993e-07	2.74811021663636	0.097	0.023	0.00442005645430435
1.23288132670723e-07	1.28695914667679	0.655	0.674	0.00482229202128265
1.24254300471313e-07	3.20705486907506	0.133	0.039	0.00486008270863496
1.24857336791032e-07	3.93688540982089	0.044	0.006	0.00488366987124443
1.27495961715257e-07	2.19030658913492	0.407	0.27	0.00498687704653055
1.27768190188425e-07	5.55809404271002	0.018	0.001	0.00499752499103006
1.27768190188425e-07	6.50027052399289	0.018	0.001	0.00499752499103006
1.27768190188425e-07	5.84646662527496	0.018	0.001	0.00499752499103006
1.27768190188425e-07	6.11264726155167	0.018	0.001	0.00499752499103006
1.28172158547689e-07	6.05104419673071	0.018	0.001	0.00501332580943431
1.28172158547689e-07	5.06451390550564	0.018	0.001	0.00501332580943431
1.28577362440096e-07	5.22637942753399	0.018	0.001	0.00502917495448193
1.28577362440096e-07	5.24105817585769	0.018	0.001	0.00502917495448193
1.28663819671415e-07	3.9384471587756	0.08	0.016	0.00503255664262771
1.29411245040249e-07	3.03639191757213	0.186	0.068	0.0050617914385043
1.2992409613396e-07	3.81278649809546	0.115	0.031	0.00508185109618373
1.34433512383195e-07	4.15335267954307	0.088	0.02	0.00525823240335629
1.41499362866177e-07	4.344256958143	0.071	0.013	0.00553460607914765
1.44438213015196e-07	3.45981398900257	0.159	0.053	0.00564955626387636
1.44832201244156e-07	3.24667335708095	0.15	0.048	0.00566496671946392
1.49898769208798e-07	3.45981884924179	0.15	0.047	0.00586314045883291
1.52036893562956e-07	4.2501389622921	0.062	0.01	0.00594677105482147
1.58454764371604e-07	3.3611534651148	0.106	0.027	0.00619779965363092
1.60412184130428e-07	3.10645708234752	0.195	0.075	0.00627436217007756
1.65363817080647e-07	4.58598956311847	0.044	0.006	0.00646804034129242
1.73639090626526e-07	4.35481926248636	0.053	0.008	0.00679171939076593
1.91453173276937e-07	2.7885480263992	0.204	0.08	0.0074884994195541
1.92638997291162e-07	4.66618385928434	0.027	0.002	0.0075348817400465
1.94681634827536e-07	5.84559806047017	0.027	0.002	0.00761477746464423
1.94681634827536e-07	4.57074447322385	0.027	0.002	0.00761477746464423
1.96330802675938e-07	4.28683501889032	0.027	0.002	0.00767928301586662
2.08948693396886e-07	3.62558056088032	0.088	0.02	0.00817281919352579
2.16967844412618e-07	2.35272567701628	0.354	0.212	0.00848648026635516
2.2579298293109e-07	4.10339188242154	0.044	0.006	0.00883166673436667
2.2632942763074e-07	2.08805972049505	0.416	0.291	0.00885264923234875
2.27635683167445e-07	5.50844094555771	0.035	0.004	0.00890374211141143
2.33185960691628e-07	4.38816002213925	0.035	0.004	0.00912083566649232
2.33935804527443e-07	4.71467600497554	0.035	0.004	0.0091501650582864
2.35609076921839e-07	3.39073536762993	0.115	0.031	0.00921561343472083
2.366411604689e-07	2.23082996764449	0.407	0.274	0.00925598235058057
2.37832962311935e-07	3.65683636301896	0.088	0.02	0.00930259848786901
2.53231490572933e-07	3.34805786035657	0.115	0.032	0.00990489652226971
2.5472431461385e-07	4.30945573593894	0.062	0.011	0.00996328684180614
2.55139212569374e-07	2.7707506863286	0.248	0.114	0.0099795151604385
